-10 0 0 0 0 0 0 0 0 0 0 0
192 0 0 0 0 0 0 0 0 0 0 0
-20 0 0 0 0 0 0 0 0 0 0 0
 5.00000000000000E+0001 -1.66667003631592E+0001  1.66667003631592E+0001  1.00000000000000E+0000  8.00000011920929E-0001  6.00000023841858E-0001  1.00000000000000E+0000  2.77775604248047E+0002  0.00000000000000E+0000  0.00000000000000E+0000  1.38887802734375E+0004 0
 5.00000000000000E+0001 -1.66667003631592E+0001  3.33333015441895E+0001  0.00000000000000E+0000  0.00000000000000E+0000  0.00000000000000E+0000  0.00000000000000E+0000  0.00000000000000E+0000  0.00000000000000E+0000  0.00000000000000E+0000  0.00000000000000E+0000 0
 5.00000000000000E+0001 -3.33333015441895E+0001  3.33333015441895E+0001  0.00000000000000E+0000  0.00000000000000E+0000  0.00000000000000E+0000  0.00000000000000E+0000  0.00000000000000E+0000  0.00000000000000E+0000  0.00000000000000E+0000  0.00000000000000E+0000 0
 5.00000000000000E+0001 -3.33333015441895E+0001  1.66667003631592E+0001  1.00000000000000E+0000  8.00000011920929E-0001  6.00000023841858E-0001  1.00000000000000E+0000  2.77775604248047E+0002  0.00000000000000E+0000  0.00000000000000E+0000  1.38887802734375E+0004 0
 5.00000000000000E+0001 -1.66667003631592E+0001  1.66667003631592E+0001  0.00000000000000E+0000  0.00000000000000E+0000  0.00000000000000E+0000  0.00000000000000E+0000  0.00000000000000E+0000  0.00000000000000E+0000  0.00000000000000E+0000  0.00000000000000E+0000 0
 5.00000000000000E+0001 -3.33333015441895E+0001  3.33333015441895E+0001  0.00000000000000E+0000  0.00000000000000E+0000  0.00000000000000E+0000  0.00000000000000E+0000  0.00000000000000E+0000  0.00000000000000E+0000  0.00000000000000E+0000  0.00000000000000E+0000 0
 5.00000000000000E+0001  0.00000000000000E+0000  1.66667003631592E+0001  1.00000000000000E+0000  8.00000011920929E-0001  6.00000023841858E-0001  1.00000000000000E+0000  2.77777252197266E+0002  0.00000000000000E+0000  0.00000000000000E+0000  1.38888623046875E+0004 0
 5.00000000000000E+0001  0.00000000000000E+0000  3.33333015441895E+0001  0.00000000000000E+0000  0.00000000000000E+0000  0.00000000000000E+0000  0.00000000000000E+0000  0.00000000000000E+0000  0.00000000000000E+0000  0.00000000000000E+0000  0.00000000000000E+0000 0
 5.00000000000000E+0001 -1.66667003631592E+0001  3.33333015441895E+0001  0.00000000000000E+0000  0.00000000000000E+0000  0.00000000000000E+0000  0.00000000000000E+0000  0.00000000000000E+0000  0.00000000000000E+0000  0.00000000000000E+0000  0.00000000000000E+0000 0
 5.00000000000000E+0001 -1.66667003631592E+0001  1.66667003631592E+0001  1.00000000000000E+0000  8.00000011920929E-0001  6.00000023841858E-0001  1.00000000000000E+0000  2.77777252197266E+0002  0.00000000000000E+0000  0.00000000000000E+0000  1.38888623046875E+0004 0
 5.00000000000000E+0001  0.00000000000000E+0000  1.66667003631592E+0001  0.00000000000000E+0000  0.00000000000000E+0000  0.00000000000000E+0000  0.00000000000000E+0000  0.00000000000000E+0000  0.00000000000000E+0000  0.00000000000000E+0000  0.00000000000000E+0000 0
 5.00000000000000E+0001 -1.66667003631592E+0001  3.33333015441895E+0001  0.00000000000000E+0000  0.00000000000000E+0000  0.00000000000000E+0000  0.00000000000000E+0000  0.00000000000000E+0000  0.00000000000000E+0000  0.00000000000000E+0000  0.00000000000000E+0000 0
 5.00000000000000E+0001  1.66667003631592E+0001  1.66667003631592E+0001  1.00000000000000E+0000  8.00000011920929E-0001  6.00000023841858E-0001  1.00000000000000E+0000  2.77777252197266E+0002  0.00000000000000E+0000  0.00000000000000E+0000  1.38888623046875E+0004 0
 5.00000000000000E+0001  1.66667003631592E+0001  3.33333015441895E+0001  0.00000000000000E+0000  0.00000000000000E+0000  0.00000000000000E+0000  0.00000000000000E+0000  0.00000000000000E+0000  0.00000000000000E+0000  0.00000000000000E+0000  0.00000000000000E+0000 0
 5.00000000000000E+0001  0.00000000000000E+0000  3.33333015441895E+0001  0.00000000000000E+0000  0.00000000000000E+0000  0.00000000000000E+0000  0.00000000000000E+0000  0.00000000000000E+0000  0.00000000000000E+0000  0.00000000000000E+0000  0.00000000000000E+0000 0
 5.00000000000000E+0001  0.00000000000000E+0000  1.66667003631592E+0001  1.00000000000000E+0000  8.00000011920929E-0001  6.00000023841858E-0001  1.00000000000000E+0000  2.77777252197266E+0002  0.00000000000000E+0000  0.00000000000000E+0000  1.38888623046875E+0004 0
 5.00000000000000E+0001  1.66667003631592E+0001  1.66667003631592E+0001  0.00000000000000E+0000  0.00000000000000E+0000  0.00000000000000E+0000  0.00000000000000E+0000  0.00000000000000E+0000  0.00000000000000E+0000  0.00000000000000E+0000  0.00000000000000E+0000 0
 5.00000000000000E+0001  0.00000000000000E+0000  3.33333015441895E+0001  0.00000000000000E+0000  0.00000000000000E+0000  0.00000000000000E+0000  0.00000000000000E+0000  0.00000000000000E+0000  0.00000000000000E+0000  0.00000000000000E+0000  0.00000000000000E+0000 0
 5.00000000000000E+0001  3.33333015441895E+0001  1.66667003631592E+0001  1.00000000000000E+0000  8.00000011920929E-0001  6.00000023841858E-0001  1.00000000000000E+0000  2.77775604248047E+0002  0.00000000000000E+0000  0.00000000000000E+0000  1.38887802734375E+0004 0
 5.00000000000000E+0001  3.33333015441895E+0001  3.33333015441895E+0001  0.00000000000000E+0000  0.00000000000000E+0000  0.00000000000000E+0000  0.00000000000000E+0000  0.00000000000000E+0000  0.00000000000000E+0000  0.00000000000000E+0000  0.00000000000000E+0000 0
 5.00000000000000E+0001  1.66667003631592E+0001  3.33333015441895E+0001  0.00000000000000E+0000  0.00000000000000E+0000  0.00000000000000E+0000  0.00000000000000E+0000  0.00000000000000E+0000  0.00000000000000E+0000  0.00000000000000E+0000  0.00000000000000E+0000 0
 5.00000000000000E+0001  1.66667003631592E+0001  1.66667003631592E+0001  1.00000000000000E+0000  8.00000011920929E-0001  6.00000023841858E-0001  1.00000000000000E+0000  2.77775604248047E+0002  0.00000000000000E+0000  0.00000000000000E+0000  1.38887802734375E+0004 0
 5.00000000000000E+0001  3.33333015441895E+0001  1.66667003631592E+0001  0.00000000000000E+0000  0.00000000000000E+0000  0.00000000000000E+0000  0.00000000000000E+0000  0.00000000000000E+0000  0.00000000000000E+0000  0.00000000000000E+0000  0.00000000000000E+0000 0
 5.00000000000000E+0001  1.66667003631592E+0001  3.33333015441895E+0001  0.00000000000000E+0000  0.00000000000000E+0000  0.00000000000000E+0000  0.00000000000000E+0000  0.00000000000000E+0000  0.00000000000000E+0000  0.00000000000000E+0000  0.00000000000000E+0000 0
 5.00000000000000E+0001 -1.66667003631592E+0001  0.00000000000000E+0000  1.00000000000000E+0000  8.00000011920929E-0001  6.00000023841858E-0001  1.00000000000000E+0000  2.77777252197266E+0002  0.00000000000000E+0000  0.00000000000000E+0000  1.38888623046875E+0004 0
 5.00000000000000E+0001 -1.66667003631592E+0001  1.66667003631592E+0001  0.00000000000000E+0000  0.00000000000000E+0000  0.00000000000000E+0000  0.00000000000000E+0000  0.00000000000000E+0000  0.00000000000000E+0000  0.00000000000000E+0000  0.00000000000000E+0000 0
 5.00000000000000E+0001 -3.33333015441895E+0001  1.66667003631592E+0001  0.00000000000000E+0000  0.00000000000000E+0000  0.00000000000000E+0000  0.00000000000000E+0000  0.00000000000000E+0000  0.00000000000000E+0000  0.00000000000000E+0000  0.00000000000000E+0000 0
 5.00000000000000E+0001 -3.33333015441895E+0001  0.00000000000000E+0000  1.00000000000000E+0000  8.00000011920929E-0001  6.00000023841858E-0001  1.00000000000000E+0000  2.77777252197266E+0002  0.00000000000000E+0000  0.00000000000000E+0000  1.38888623046875E+0004 0
 5.00000000000000E+0001 -1.66667003631592E+0001  0.00000000000000E+0000  0.00000000000000E+0000  0.00000000000000E+0000  0.00000000000000E+0000  0.00000000000000E+0000  0.00000000000000E+0000  0.00000000000000E+0000  0.00000000000000E+0000  0.00000000000000E+0000 0
 5.00000000000000E+0001 -3.33333015441895E+0001  1.66667003631592E+0001  0.00000000000000E+0000  0.00000000000000E+0000  0.00000000000000E+0000  0.00000000000000E+0000  0.00000000000000E+0000  0.00000000000000E+0000  0.00000000000000E+0000  0.00000000000000E+0000 0
 5.00000000000000E+0001  0.00000000000000E+0000  0.00000000000000E+0000  1.00000000000000E+0000  8.00000011920929E-0001  6.00000023841858E-0001  1.00000000000000E+0000  2.77778900146484E+0002  0.00000000000000E+0000  0.00000000000000E+0000  1.38889453125000E+0004 0
 5.00000000000000E+0001  0.00000000000000E+0000  1.66667003631592E+0001  0.00000000000000E+0000  0.00000000000000E+0000  0.00000000000000E+0000  0.00000000000000E+0000  0.00000000000000E+0000  0.00000000000000E+0000  0.00000000000000E+0000  0.00000000000000E+0000 0
 5.00000000000000E+0001 -1.66667003631592E+0001  1.66667003631592E+0001  0.00000000000000E+0000  0.00000000000000E+0000  0.00000000000000E+0000  0.00000000000000E+0000  0.00000000000000E+0000  0.00000000000000E+0000  0.00000000000000E+0000  0.00000000000000E+0000 0
 5.00000000000000E+0001 -1.66667003631592E+0001  0.00000000000000E+0000  1.00000000000000E+0000  8.00000011920929E-0001  6.00000023841858E-0001  1.00000000000000E+0000  2.77778900146484E+0002  0.00000000000000E+0000  0.00000000000000E+0000  1.38889453125000E+0004 0
 5.00000000000000E+0001  0.00000000000000E+0000  0.00000000000000E+0000  0.00000000000000E+0000  0.00000000000000E+0000  0.00000000000000E+0000  0.00000000000000E+0000  0.00000000000000E+0000  0.00000000000000E+0000  0.00000000000000E+0000  0.00000000000000E+0000 0
 5.00000000000000E+0001 -1.66667003631592E+0001  1.66667003631592E+0001  0.00000000000000E+0000  0.00000000000000E+0000  0.00000000000000E+0000  0.00000000000000E+0000  0.00000000000000E+0000  0.00000000000000E+0000  0.00000000000000E+0000  0.00000000000000E+0000 0
 5.00000000000000E+0001  1.66667003631592E+0001  0.00000000000000E+0000  1.00000000000000E+0000  8.00000011920929E-0001  6.00000023841858E-0001  1.00000000000000E+0000  2.77778900146484E+0002  0.00000000000000E+0000  0.00000000000000E+0000  1.38889453125000E+0004 0
 5.00000000000000E+0001  1.66667003631592E+0001  1.66667003631592E+0001  0.00000000000000E+0000  0.00000000000000E+0000  0.00000000000000E+0000  0.00000000000000E+0000  0.00000000000000E+0000  0.00000000000000E+0000  0.00000000000000E+0000  0.00000000000000E+0000 0
 5.00000000000000E+0001  0.00000000000000E+0000  1.66667003631592E+0001  0.00000000000000E+0000  0.00000000000000E+0000  0.00000000000000E+0000  0.00000000000000E+0000  0.00000000000000E+0000  0.00000000000000E+0000  0.00000000000000E+0000  0.00000000000000E+0000 0
 5.00000000000000E+0001  0.00000000000000E+0000  0.00000000000000E+0000  1.00000000000000E+0000  8.00000011920929E-0001  6.00000023841858E-0001  1.00000000000000E+0000  2.77778900146484E+0002  0.00000000000000E+0000  0.00000000000000E+0000  1.38889453125000E+0004 0
 5.00000000000000E+0001  1.66667003631592E+0001  0.00000000000000E+0000  0.00000000000000E+0000  0.00000000000000E+0000  0.00000000000000E+0000  0.00000000000000E+0000  0.00000000000000E+0000  0.00000000000000E+0000  0.00000000000000E+0000  0.00000000000000E+0000 0
 5.00000000000000E+0001  0.00000000000000E+0000  1.66667003631592E+0001  0.00000000000000E+0000  0.00000000000000E+0000  0.00000000000000E+0000  0.00000000000000E+0000  0.00000000000000E+0000  0.00000000000000E+0000  0.00000000000000E+0000  0.00000000000000E+0000 0
 5.00000000000000E+0001  3.33333015441895E+0001  0.00000000000000E+0000  1.00000000000000E+0000  8.00000011920929E-0001  6.00000023841858E-0001  1.00000000000000E+0000  2.77777252197266E+0002  0.00000000000000E+0000  0.00000000000000E+0000  1.38888623046875E+0004 0
 5.00000000000000E+0001  3.33333015441895E+0001  1.66667003631592E+0001  0.00000000000000E+0000  0.00000000000000E+0000  0.00000000000000E+0000  0.00000000000000E+0000  0.00000000000000E+0000  0.00000000000000E+0000  0.00000000000000E+0000  0.00000000000000E+0000 0
 5.00000000000000E+0001  1.66667003631592E+0001  1.66667003631592E+0001  0.00000000000000E+0000  0.00000000000000E+0000  0.00000000000000E+0000  0.00000000000000E+0000  0.00000000000000E+0000  0.00000000000000E+0000  0.00000000000000E+0000  0.00000000000000E+0000 0
 5.00000000000000E+0001  1.66667003631592E+0001  0.00000000000000E+0000  1.00000000000000E+0000  8.00000011920929E-0001  6.00000023841858E-0001  1.00000000000000E+0000  2.77777252197266E+0002  0.00000000000000E+0000  0.00000000000000E+0000  1.38888623046875E+0004 0
 5.00000000000000E+0001  3.33333015441895E+0001  0.00000000000000E+0000  0.00000000000000E+0000  0.00000000000000E+0000  0.00000000000000E+0000  0.00000000000000E+0000  0.00000000000000E+0000  0.00000000000000E+0000  0.00000000000000E+0000  0.00000000000000E+0000 0
 5.00000000000000E+0001  1.66667003631592E+0001  1.66667003631592E+0001  0.00000000000000E+0000  0.00000000000000E+0000  0.00000000000000E+0000  0.00000000000000E+0000  0.00000000000000E+0000  0.00000000000000E+0000  0.00000000000000E+0000  0.00000000000000E+0000 0
 5.00000000000000E+0001 -1.66667003631592E+0001 -1.66667003631592E+0001  1.00000000000000E+0000  8.00000011920929E-0001  6.00000023841858E-0001  1.00000000000000E+0000  2.77777252197266E+0002  0.00000000000000E+0000  0.00000000000000E+0000  1.38888623046875E+0004 0
 5.00000000000000E+0001 -1.66667003631592E+0001  0.00000000000000E+0000  0.00000000000000E+0000  0.00000000000000E+0000  0.00000000000000E+0000  0.00000000000000E+0000  0.00000000000000E+0000  0.00000000000000E+0000  0.00000000000000E+0000  0.00000000000000E+0000 0
 5.00000000000000E+0001 -3.33333015441895E+0001  0.00000000000000E+0000  0.00000000000000E+0000  0.00000000000000E+0000  0.00000000000000E+0000  0.00000000000000E+0000  0.00000000000000E+0000  0.00000000000000E+0000  0.00000000000000E+0000  0.00000000000000E+0000 0
 5.00000000000000E+0001 -3.33333015441895E+0001 -1.66667003631592E+0001  1.00000000000000E+0000  8.00000011920929E-0001  6.00000023841858E-0001  1.00000000000000E+0000  2.77777252197266E+0002  0.00000000000000E+0000  0.00000000000000E+0000  1.38888623046875E+0004 0
 5.00000000000000E+0001 -1.66667003631592E+0001 -1.66667003631592E+0001  0.00000000000000E+0000  0.00000000000000E+0000  0.00000000000000E+0000  0.00000000000000E+0000  0.00000000000000E+0000  0.00000000000000E+0000  0.00000000000000E+0000  0.00000000000000E+0000 0
 5.00000000000000E+0001 -3.33333015441895E+0001  0.00000000000000E+0000  0.00000000000000E+0000  0.00000000000000E+0000  0.00000000000000E+0000  0.00000000000000E+0000  0.00000000000000E+0000  0.00000000000000E+0000  0.00000000000000E+0000  0.00000000000000E+0000 0
 5.00000000000000E+0001  0.00000000000000E+0000 -1.66667003631592E+0001  1.00000000000000E+0000  8.00000011920929E-0001  6.00000023841858E-0001  1.00000000000000E+0000  2.77778900146484E+0002  0.00000000000000E+0000  0.00000000000000E+0000  1.38889453125000E+0004 0
 5.00000000000000E+0001  0.00000000000000E+0000  0.00000000000000E+0000  0.00000000000000E+0000  0.00000000000000E+0000  0.00000000000000E+0000  0.00000000000000E+0000  0.00000000000000E+0000  0.00000000000000E+0000  0.00000000000000E+0000  0.00000000000000E+0000 0
 5.00000000000000E+0001 -1.66667003631592E+0001  0.00000000000000E+0000  0.00000000000000E+0000  0.00000000000000E+0000  0.00000000000000E+0000  0.00000000000000E+0000  0.00000000000000E+0000  0.00000000000000E+0000  0.00000000000000E+0000  0.00000000000000E+0000 0
 5.00000000000000E+0001 -1.66667003631592E+0001 -1.66667003631592E+0001  1.00000000000000E+0000  8.00000011920929E-0001  6.00000023841858E-0001  1.00000000000000E+0000  2.77778900146484E+0002  0.00000000000000E+0000  0.00000000000000E+0000  1.38889453125000E+0004 0
 5.00000000000000E+0001  0.00000000000000E+0000 -1.66667003631592E+0001  0.00000000000000E+0000  0.00000000000000E+0000  0.00000000000000E+0000  0.00000000000000E+0000  0.00000000000000E+0000  0.00000000000000E+0000  0.00000000000000E+0000  0.00000000000000E+0000 0
 5.00000000000000E+0001 -1.66667003631592E+0001  0.00000000000000E+0000  0.00000000000000E+0000  0.00000000000000E+0000  0.00000000000000E+0000  0.00000000000000E+0000  0.00000000000000E+0000  0.00000000000000E+0000  0.00000000000000E+0000  0.00000000000000E+0000 0
 5.00000000000000E+0001  1.66667003631592E+0001 -1.66667003631592E+0001  1.00000000000000E+0000  8.00000011920929E-0001  6.00000023841858E-0001  1.00000000000000E+0000  2.77778900146484E+0002  0.00000000000000E+0000  0.00000000000000E+0000  1.38889453125000E+0004 0
 5.00000000000000E+0001  1.66667003631592E+0001  0.00000000000000E+0000  0.00000000000000E+0000  0.00000000000000E+0000  0.00000000000000E+0000  0.00000000000000E+0000  0.00000000000000E+0000  0.00000000000000E+0000  0.00000000000000E+0000  0.00000000000000E+0000 0
 5.00000000000000E+0001  0.00000000000000E+0000  0.00000000000000E+0000  0.00000000000000E+0000  0.00000000000000E+0000  0.00000000000000E+0000  0.00000000000000E+0000  0.00000000000000E+0000  0.00000000000000E+0000  0.00000000000000E+0000  0.00000000000000E+0000 0
 5.00000000000000E+0001  0.00000000000000E+0000 -1.66667003631592E+0001  1.00000000000000E+0000  8.00000011920929E-0001  6.00000023841858E-0001  1.00000000000000E+0000  2.77778900146484E+0002  0.00000000000000E+0000  0.00000000000000E+0000  1.38889453125000E+0004 0
 5.00000000000000E+0001  1.66667003631592E+0001 -1.66667003631592E+0001  0.00000000000000E+0000  0.00000000000000E+0000  0.00000000000000E+0000  0.00000000000000E+0000  0.00000000000000E+0000  0.00000000000000E+0000  0.00000000000000E+0000  0.00000000000000E+0000 0
 5.00000000000000E+0001  0.00000000000000E+0000  0.00000000000000E+0000  0.00000000000000E+0000  0.00000000000000E+0000  0.00000000000000E+0000  0.00000000000000E+0000  0.00000000000000E+0000  0.00000000000000E+0000  0.00000000000000E+0000  0.00000000000000E+0000 0
 5.00000000000000E+0001  3.33333015441895E+0001 -1.66667003631592E+0001  1.00000000000000E+0000  8.00000011920929E-0001  6.00000023841858E-0001  1.00000000000000E+0000  2.77777252197266E+0002  0.00000000000000E+0000  0.00000000000000E+0000  1.38888623046875E+0004 0
 5.00000000000000E+0001  3.33333015441895E+0001  0.00000000000000E+0000  0.00000000000000E+0000  0.00000000000000E+0000  0.00000000000000E+0000  0.00000000000000E+0000  0.00000000000000E+0000  0.00000000000000E+0000  0.00000000000000E+0000  0.00000000000000E+0000 0
 5.00000000000000E+0001  1.66667003631592E+0001  0.00000000000000E+0000  0.00000000000000E+0000  0.00000000000000E+0000  0.00000000000000E+0000  0.00000000000000E+0000  0.00000000000000E+0000  0.00000000000000E+0000  0.00000000000000E+0000  0.00000000000000E+0000 0
 5.00000000000000E+0001  1.66667003631592E+0001 -1.66667003631592E+0001  1.00000000000000E+0000  8.00000011920929E-0001  6.00000023841858E-0001  1.00000000000000E+0000  2.77777252197266E+0002  0.00000000000000E+0000  0.00000000000000E+0000  1.38888623046875E+0004 0
 5.00000000000000E+0001  3.33333015441895E+0001 -1.66667003631592E+0001  0.00000000000000E+0000  0.00000000000000E+0000  0.00000000000000E+0000  0.00000000000000E+0000  0.00000000000000E+0000  0.00000000000000E+0000  0.00000000000000E+0000  0.00000000000000E+0000 0
 5.00000000000000E+0001  1.66667003631592E+0001  0.00000000000000E+0000  0.00000000000000E+0000  0.00000000000000E+0000  0.00000000000000E+0000  0.00000000000000E+0000  0.00000000000000E+0000  0.00000000000000E+0000  0.00000000000000E+0000  0.00000000000000E+0000 0
 5.00000000000000E+0001 -1.66667003631592E+0001 -3.33333015441895E+0001  1.00000000000000E+0000  8.00000011920929E-0001  6.00000023841858E-0001  1.00000000000000E+0000  2.77775604248047E+0002  0.00000000000000E+0000  0.00000000000000E+0000  1.38887802734375E+0004 0
 5.00000000000000E+0001 -1.66667003631592E+0001 -1.66667003631592E+0001  0.00000000000000E+0000  0.00000000000000E+0000  0.00000000000000E+0000  0.00000000000000E+0000  0.00000000000000E+0000  0.00000000000000E+0000  0.00000000000000E+0000  0.00000000000000E+0000 0
 5.00000000000000E+0001 -3.33333015441895E+0001 -1.66667003631592E+0001  0.00000000000000E+0000  0.00000000000000E+0000  0.00000000000000E+0000  0.00000000000000E+0000  0.00000000000000E+0000  0.00000000000000E+0000  0.00000000000000E+0000  0.00000000000000E+0000 0
 5.00000000000000E+0001 -3.33333015441895E+0001 -3.33333015441895E+0001  1.00000000000000E+0000  8.00000011920929E-0001  6.00000023841858E-0001  1.00000000000000E+0000  2.77775604248047E+0002  0.00000000000000E+0000  0.00000000000000E+0000  1.38887802734375E+0004 0
 5.00000000000000E+0001 -1.66667003631592E+0001 -3.33333015441895E+0001  0.00000000000000E+0000  0.00000000000000E+0000  0.00000000000000E+0000  0.00000000000000E+0000  0.00000000000000E+0000  0.00000000000000E+0000  0.00000000000000E+0000  0.00000000000000E+0000 0
 5.00000000000000E+0001 -3.33333015441895E+0001 -1.66667003631592E+0001  0.00000000000000E+0000  0.00000000000000E+0000  0.00000000000000E+0000  0.00000000000000E+0000  0.00000000000000E+0000  0.00000000000000E+0000  0.00000000000000E+0000  0.00000000000000E+0000 0
 5.00000000000000E+0001  0.00000000000000E+0000 -3.33333015441895E+0001  1.00000000000000E+0000  8.00000011920929E-0001  6.00000023841858E-0001  1.00000000000000E+0000  2.77777252197266E+0002  0.00000000000000E+0000  0.00000000000000E+0000  1.38888623046875E+0004 0
 5.00000000000000E+0001  0.00000000000000E+0000 -1.66667003631592E+0001  0.00000000000000E+0000  0.00000000000000E+0000  0.00000000000000E+0000  0.00000000000000E+0000  0.00000000000000E+0000  0.00000000000000E+0000  0.00000000000000E+0000  0.00000000000000E+0000 0
 5.00000000000000E+0001 -1.66667003631592E+0001 -1.66667003631592E+0001  0.00000000000000E+0000  0.00000000000000E+0000  0.00000000000000E+0000  0.00000000000000E+0000  0.00000000000000E+0000  0.00000000000000E+0000  0.00000000000000E+0000  0.00000000000000E+0000 0
 5.00000000000000E+0001 -1.66667003631592E+0001 -3.33333015441895E+0001  1.00000000000000E+0000  8.00000011920929E-0001  6.00000023841858E-0001  1.00000000000000E+0000  2.77777252197266E+0002  0.00000000000000E+0000  0.00000000000000E+0000  1.38888623046875E+0004 0
 5.00000000000000E+0001  0.00000000000000E+0000 -3.33333015441895E+0001  0.00000000000000E+0000  0.00000000000000E+0000  0.00000000000000E+0000  0.00000000000000E+0000  0.00000000000000E+0000  0.00000000000000E+0000  0.00000000000000E+0000  0.00000000000000E+0000 0
 5.00000000000000E+0001 -1.66667003631592E+0001 -1.66667003631592E+0001  0.00000000000000E+0000  0.00000000000000E+0000  0.00000000000000E+0000  0.00000000000000E+0000  0.00000000000000E+0000  0.00000000000000E+0000  0.00000000000000E+0000  0.00000000000000E+0000 0
 5.00000000000000E+0001  1.66667003631592E+0001 -3.33333015441895E+0001  1.00000000000000E+0000  8.00000011920929E-0001  6.00000023841858E-0001  1.00000000000000E+0000  2.77777252197266E+0002  0.00000000000000E+0000  0.00000000000000E+0000  1.38888623046875E+0004 0
 5.00000000000000E+0001  1.66667003631592E+0001 -1.66667003631592E+0001  0.00000000000000E+0000  0.00000000000000E+0000  0.00000000000000E+0000  0.00000000000000E+0000  0.00000000000000E+0000  0.00000000000000E+0000  0.00000000000000E+0000  0.00000000000000E+0000 0
 5.00000000000000E+0001  0.00000000000000E+0000 -1.66667003631592E+0001  0.00000000000000E+0000  0.00000000000000E+0000  0.00000000000000E+0000  0.00000000000000E+0000  0.00000000000000E+0000  0.00000000000000E+0000  0.00000000000000E+0000  0.00000000000000E+0000 0
 5.00000000000000E+0001  0.00000000000000E+0000 -3.33333015441895E+0001  1.00000000000000E+0000  8.00000011920929E-0001  6.00000023841858E-0001  1.00000000000000E+0000  2.77777252197266E+0002  0.00000000000000E+0000  0.00000000000000E+0000  1.38888623046875E+0004 0
 5.00000000000000E+0001  1.66667003631592E+0001 -3.33333015441895E+0001  0.00000000000000E+0000  0.00000000000000E+0000  0.00000000000000E+0000  0.00000000000000E+0000  0.00000000000000E+0000  0.00000000000000E+0000  0.00000000000000E+0000  0.00000000000000E+0000 0
 5.00000000000000E+0001  0.00000000000000E+0000 -1.66667003631592E+0001  0.00000000000000E+0000  0.00000000000000E+0000  0.00000000000000E+0000  0.00000000000000E+0000  0.00000000000000E+0000  0.00000000000000E+0000  0.00000000000000E+0000  0.00000000000000E+0000 0
 5.00000000000000E+0001  3.33333015441895E+0001 -3.33333015441895E+0001  1.00000000000000E+0000  8.00000011920929E-0001  6.00000023841858E-0001  1.00000000000000E+0000  2.77775604248047E+0002  0.00000000000000E+0000  0.00000000000000E+0000  1.38887802734375E+0004 0
 5.00000000000000E+0001  3.33333015441895E+0001 -1.66667003631592E+0001  0.00000000000000E+0000  0.00000000000000E+0000  0.00000000000000E+0000  0.00000000000000E+0000  0.00000000000000E+0000  0.00000000000000E+0000  0.00000000000000E+0000  0.00000000000000E+0000 0
 5.00000000000000E+0001  1.66667003631592E+0001 -1.66667003631592E+0001  0.00000000000000E+0000  0.00000000000000E+0000  0.00000000000000E+0000  0.00000000000000E+0000  0.00000000000000E+0000  0.00000000000000E+0000  0.00000000000000E+0000  0.00000000000000E+0000 0
 5.00000000000000E+0001  1.66667003631592E+0001 -3.33333015441895E+0001  1.00000000000000E+0000  8.00000011920929E-0001  6.00000023841858E-0001  1.00000000000000E+0000  2.77775604248047E+0002  0.00000000000000E+0000  0.00000000000000E+0000  1.38887802734375E+0004 0
 5.00000000000000E+0001  3.33333015441895E+0001 -3.33333015441895E+0001  0.00000000000000E+0000  0.00000000000000E+0000  0.00000000000000E+0000  0.00000000000000E+0000  0.00000000000000E+0000  0.00000000000000E+0000  0.00000000000000E+0000  0.00000000000000E+0000 0
 5.00000000000000E+0001  1.66667003631592E+0001 -1.66667003631592E+0001  0.00000000000000E+0000  0.00000000000000E+0000  0.00000000000000E+0000  0.00000000000000E+0000  0.00000000000000E+0000  0.00000000000000E+0000  0.00000000000000E+0000  0.00000000000000E+0000 0
 5.00000000000000E+0001  3.33333015441895E+0001 -3.33333015441895E+0001  1.00000000000000E+0000  8.00000011920929E-0001  6.00000023841858E-0001  1.00000000000000E+0000  4.16667449951172E+0002  0.00000000000000E+0000  0.00000000000000E+0000  2.08333730468750E+0004 0
 5.00000000000000E+0001  2.50000000000000E+0001 -5.00000000000000E+0001  0.00000000000000E+0000  0.00000000000000E+0000  0.00000000000000E+0000  0.00000000000000E+0000  0.00000000000000E+0000  0.00000000000000E+0000  0.00000000000000E+0000  0.00000000000000E+0000 0
 5.00000000000000E+0001  5.00000000000000E+0001 -5.00000000000000E+0001  0.00000000000000E+0000  0.00000000000000E+0000  0.00000000000000E+0000  0.00000000000000E+0000  0.00000000000000E+0000  0.00000000000000E+0000  0.00000000000000E+0000  0.00000000000000E+0000 0
 5.00000000000000E+0001  1.66667003631592E+0001 -3.33333015441895E+0001  1.00000000000000E+0000  8.00000011920929E-0001  6.00000023841858E-0001  1.00000000000000E+0000  4.16667449951172E+0002  0.00000000000000E+0000  0.00000000000000E+0000  2.08333730468750E+0004 0
 5.00000000000000E+0001  0.00000000000000E+0000 -5.00000000000000E+0001  0.00000000000000E+0000  0.00000000000000E+0000  0.00000000000000E+0000  0.00000000000000E+0000  0.00000000000000E+0000  0.00000000000000E+0000  0.00000000000000E+0000  0.00000000000000E+0000 0
 5.00000000000000E+0001  2.50000000000000E+0001 -5.00000000000000E+0001  0.00000000000000E+0000  0.00000000000000E+0000  0.00000000000000E+0000  0.00000000000000E+0000  0.00000000000000E+0000  0.00000000000000E+0000  0.00000000000000E+0000  0.00000000000000E+0000 0
 5.00000000000000E+0001 -1.66667003631592E+0001 -3.33333015441895E+0001  1.00000000000000E+0000  8.00000011920929E-0001  6.00000023841858E-0001  1.00000000000000E+0000  4.16667449951172E+0002  0.00000000000000E+0000  0.00000000000000E+0000  2.08333730468750E+0004 0
 5.00000000000000E+0001 -2.50000000000000E+0001 -5.00000000000000E+0001  0.00000000000000E+0000  0.00000000000000E+0000  0.00000000000000E+0000  0.00000000000000E+0000  0.00000000000000E+0000  0.00000000000000E+0000  0.00000000000000E+0000  0.00000000000000E+0000 0
 5.00000000000000E+0001  0.00000000000000E+0000 -5.00000000000000E+0001  0.00000000000000E+0000  0.00000000000000E+0000  0.00000000000000E+0000  0.00000000000000E+0000  0.00000000000000E+0000  0.00000000000000E+0000  0.00000000000000E+0000  0.00000000000000E+0000 0
 5.00000000000000E+0001 -3.33333015441895E+0001 -3.33333015441895E+0001  1.00000000000000E+0000  8.00000011920929E-0001  6.00000023841858E-0001  1.00000000000000E+0000  4.16667449951172E+0002  0.00000000000000E+0000  0.00000000000000E+0000  2.08333730468750E+0004 0
 5.00000000000000E+0001 -5.00000000000000E+0001 -5.00000000000000E+0001  0.00000000000000E+0000  0.00000000000000E+0000  0.00000000000000E+0000  0.00000000000000E+0000  0.00000000000000E+0000  0.00000000000000E+0000  0.00000000000000E+0000  0.00000000000000E+0000 0
 5.00000000000000E+0001 -2.50000000000000E+0001 -5.00000000000000E+0001  0.00000000000000E+0000  0.00000000000000E+0000  0.00000000000000E+0000  0.00000000000000E+0000  0.00000000000000E+0000  0.00000000000000E+0000  0.00000000000000E+0000  0.00000000000000E+0000 0
 5.00000000000000E+0001 -3.33333015441895E+0001 -3.33333015441895E+0001  1.00000000000000E+0000  8.00000011920929E-0001  6.00000023841858E-0001  1.00000000000000E+0000  4.16667449951172E+0002  0.00000000000000E+0000  0.00000000000000E+0000  2.08333730468750E+0004 0
 5.00000000000000E+0001 -5.00000000000000E+0001 -2.50000000000000E+0001  0.00000000000000E+0000  0.00000000000000E+0000  0.00000000000000E+0000  0.00000000000000E+0000  0.00000000000000E+0000  0.00000000000000E+0000  0.00000000000000E+0000  0.00000000000000E+0000 0
 5.00000000000000E+0001 -5.00000000000000E+0001 -5.00000000000000E+0001  0.00000000000000E+0000  0.00000000000000E+0000  0.00000000000000E+0000  0.00000000000000E+0000  0.00000000000000E+0000  0.00000000000000E+0000  0.00000000000000E+0000  0.00000000000000E+0000 0
 5.00000000000000E+0001 -3.33333015441895E+0001 -1.66667003631592E+0001  1.00000000000000E+0000  8.00000011920929E-0001  6.00000023841858E-0001  1.00000000000000E+0000  4.16667449951172E+0002  0.00000000000000E+0000  0.00000000000000E+0000  2.08333730468750E+0004 0
 5.00000000000000E+0001 -5.00000000000000E+0001  0.00000000000000E+0000  0.00000000000000E+0000  0.00000000000000E+0000  0.00000000000000E+0000  0.00000000000000E+0000  0.00000000000000E+0000  0.00000000000000E+0000  0.00000000000000E+0000  0.00000000000000E+0000 0
 5.00000000000000E+0001 -5.00000000000000E+0001 -2.50000000000000E+0001  0.00000000000000E+0000  0.00000000000000E+0000  0.00000000000000E+0000  0.00000000000000E+0000  0.00000000000000E+0000  0.00000000000000E+0000  0.00000000000000E+0000  0.00000000000000E+0000 0
 5.00000000000000E+0001 -3.33333015441895E+0001  1.66667003631592E+0001  1.00000000000000E+0000  8.00000011920929E-0001  6.00000023841858E-0001  1.00000000000000E+0000  4.16667449951172E+0002  0.00000000000000E+0000  0.00000000000000E+0000  2.08333730468750E+0004 0
 5.00000000000000E+0001 -5.00000000000000E+0001  2.50000000000000E+0001  0.00000000000000E+0000  0.00000000000000E+0000  0.00000000000000E+0000  0.00000000000000E+0000  0.00000000000000E+0000  0.00000000000000E+0000  0.00000000000000E+0000  0.00000000000000E+0000 0
 5.00000000000000E+0001 -5.00000000000000E+0001  0.00000000000000E+0000  0.00000000000000E+0000  0.00000000000000E+0000  0.00000000000000E+0000  0.00000000000000E+0000  0.00000000000000E+0000  0.00000000000000E+0000  0.00000000000000E+0000  0.00000000000000E+0000 0
 5.00000000000000E+0001 -3.33333015441895E+0001  3.33333015441895E+0001  1.00000000000000E+0000  8.00000011920929E-0001  6.00000023841858E-0001  1.00000000000000E+0000  4.16667449951172E+0002  0.00000000000000E+0000  0.00000000000000E+0000  2.08333730468750E+0004 0
 5.00000000000000E+0001 -5.00000000000000E+0001  5.00000000000000E+0001  0.00000000000000E+0000  0.00000000000000E+0000  0.00000000000000E+0000  0.00000000000000E+0000  0.00000000000000E+0000  0.00000000000000E+0000  0.00000000000000E+0000  0.00000000000000E+0000 0
 5.00000000000000E+0001 -5.00000000000000E+0001  2.50000000000000E+0001  0.00000000000000E+0000  0.00000000000000E+0000  0.00000000000000E+0000  0.00000000000000E+0000  0.00000000000000E+0000  0.00000000000000E+0000  0.00000000000000E+0000  0.00000000000000E+0000 0
 5.00000000000000E+0001 -3.33333015441895E+0001  3.33333015441895E+0001  1.00000000000000E+0000  8.00000011920929E-0001  6.00000023841858E-0001  1.00000000000000E+0000  4.16667449951172E+0002  0.00000000000000E+0000  0.00000000000000E+0000  2.08333730468750E+0004 0
 5.00000000000000E+0001 -2.50000000000000E+0001  5.00000000000000E+0001  0.00000000000000E+0000  0.00000000000000E+0000  0.00000000000000E+0000  0.00000000000000E+0000  0.00000000000000E+0000  0.00000000000000E+0000  0.00000000000000E+0000  0.00000000000000E+0000 0
 5.00000000000000E+0001 -5.00000000000000E+0001  5.00000000000000E+0001  0.00000000000000E+0000  0.00000000000000E+0000  0.00000000000000E+0000  0.00000000000000E+0000  0.00000000000000E+0000  0.00000000000000E+0000  0.00000000000000E+0000  0.00000000000000E+0000 0
 5.00000000000000E+0001 -1.66667003631592E+0001  3.33333015441895E+0001  1.00000000000000E+0000  8.00000011920929E-0001  6.00000023841858E-0001  1.00000000000000E+0000  4.16667449951172E+0002  0.00000000000000E+0000  0.00000000000000E+0000  2.08333730468750E+0004 0
 5.00000000000000E+0001  0.00000000000000E+0000  5.00000000000000E+0001  0.00000000000000E+0000  0.00000000000000E+0000  0.00000000000000E+0000  0.00000000000000E+0000  0.00000000000000E+0000  0.00000000000000E+0000  0.00000000000000E+0000  0.00000000000000E+0000 0
 5.00000000000000E+0001 -2.50000000000000E+0001  5.00000000000000E+0001  0.00000000000000E+0000  0.00000000000000E+0000  0.00000000000000E+0000  0.00000000000000E+0000  0.00000000000000E+0000  0.00000000000000E+0000  0.00000000000000E+0000  0.00000000000000E+0000 0
 5.00000000000000E+0001  1.66667003631592E+0001  3.33333015441895E+0001  1.00000000000000E+0000  8.00000011920929E-0001  6.00000023841858E-0001  1.00000000000000E+0000  4.16667449951172E+0002  0.00000000000000E+0000  0.00000000000000E+0000  2.08333730468750E+0004 0
 5.00000000000000E+0001  2.50000000000000E+0001  5.00000000000000E+0001  0.00000000000000E+0000  0.00000000000000E+0000  0.00000000000000E+0000  0.00000000000000E+0000  0.00000000000000E+0000  0.00000000000000E+0000  0.00000000000000E+0000  0.00000000000000E+0000 0
 5.00000000000000E+0001  0.00000000000000E+0000  5.00000000000000E+0001  0.00000000000000E+0000  0.00000000000000E+0000  0.00000000000000E+0000  0.00000000000000E+0000  0.00000000000000E+0000  0.00000000000000E+0000  0.00000000000000E+0000  0.00000000000000E+0000 0
 5.00000000000000E+0001  3.33333015441895E+0001  3.33333015441895E+0001  1.00000000000000E+0000  8.00000011920929E-0001  6.00000023841858E-0001  1.00000000000000E+0000  4.16667449951172E+0002  0.00000000000000E+0000  0.00000000000000E+0000  2.08333730468750E+0004 0
 5.00000000000000E+0001  5.00000000000000E+0001  5.00000000000000E+0001  0.00000000000000E+0000  0.00000000000000E+0000  0.00000000000000E+0000  0.00000000000000E+0000  0.00000000000000E+0000  0.00000000000000E+0000  0.00000000000000E+0000  0.00000000000000E+0000 0
 5.00000000000000E+0001  2.50000000000000E+0001  5.00000000000000E+0001  0.00000000000000E+0000  0.00000000000000E+0000  0.00000000000000E+0000  0.00000000000000E+0000  0.00000000000000E+0000  0.00000000000000E+0000  0.00000000000000E+0000  0.00000000000000E+0000 0
 5.00000000000000E+0001  3.33333015441895E+0001  3.33333015441895E+0001  1.00000000000000E+0000  8.00000011920929E-0001  6.00000023841858E-0001  1.00000000000000E+0000  4.16667449951172E+0002  0.00000000000000E+0000  0.00000000000000E+0000  2.08333730468750E+0004 0
 5.00000000000000E+0001  5.00000000000000E+0001  2.50000000000000E+0001  0.00000000000000E+0000  0.00000000000000E+0000  0.00000000000000E+0000  0.00000000000000E+0000  0.00000000000000E+0000  0.00000000000000E+0000  0.00000000000000E+0000  0.00000000000000E+0000 0
 5.00000000000000E+0001  5.00000000000000E+0001  5.00000000000000E+0001  0.00000000000000E+0000  0.00000000000000E+0000  0.00000000000000E+0000  0.00000000000000E+0000  0.00000000000000E+0000  0.00000000000000E+0000  0.00000000000000E+0000  0.00000000000000E+0000 0
 5.00000000000000E+0001  3.33333015441895E+0001  1.66667003631592E+0001  1.00000000000000E+0000  8.00000011920929E-0001  6.00000023841858E-0001  1.00000000000000E+0000  4.16667449951172E+0002  0.00000000000000E+0000  0.00000000000000E+0000  2.08333730468750E+0004 0
 5.00000000000000E+0001  5.00000000000000E+0001  0.00000000000000E+0000  0.00000000000000E+0000  0.00000000000000E+0000  0.00000000000000E+0000  0.00000000000000E+0000  0.00000000000000E+0000  0.00000000000000E+0000  0.00000000000000E+0000  0.00000000000000E+0000 0
 5.00000000000000E+0001  5.00000000000000E+0001  2.50000000000000E+0001  0.00000000000000E+0000  0.00000000000000E+0000  0.00000000000000E+0000  0.00000000000000E+0000  0.00000000000000E+0000  0.00000000000000E+0000  0.00000000000000E+0000  0.00000000000000E+0000 0
 5.00000000000000E+0001  3.33333015441895E+0001 -1.66667003631592E+0001  1.00000000000000E+0000  8.00000011920929E-0001  6.00000023841858E-0001  1.00000000000000E+0000  4.16667449951172E+0002  0.00000000000000E+0000  0.00000000000000E+0000  2.08333730468750E+0004 0
 5.00000000000000E+0001  5.00000000000000E+0001 -2.50000000000000E+0001  0.00000000000000E+0000  0.00000000000000E+0000  0.00000000000000E+0000  0.00000000000000E+0000  0.00000000000000E+0000  0.00000000000000E+0000  0.00000000000000E+0000  0.00000000000000E+0000 0
 5.00000000000000E+0001  5.00000000000000E+0001  0.00000000000000E+0000  0.00000000000000E+0000  0.00000000000000E+0000  0.00000000000000E+0000  0.00000000000000E+0000  0.00000000000000E+0000  0.00000000000000E+0000  0.00000000000000E+0000  0.00000000000000E+0000 0
 5.00000000000000E+0001  3.33333015441895E+0001 -3.33333015441895E+0001  1.00000000000000E+0000  8.00000011920929E-0001  6.00000023841858E-0001  1.00000000000000E+0000  4.16667449951172E+0002  0.00000000000000E+0000  0.00000000000000E+0000  2.08333730468750E+0004 0
 5.00000000000000E+0001  5.00000000000000E+0001 -5.00000000000000E+0001  0.00000000000000E+0000  0.00000000000000E+0000  0.00000000000000E+0000  0.00000000000000E+0000  0.00000000000000E+0000  0.00000000000000E+0000  0.00000000000000E+0000  0.00000000000000E+0000 0
 5.00000000000000E+0001  5.00000000000000E+0001 -2.50000000000000E+0001  0.00000000000000E+0000  0.00000000000000E+0000  0.00000000000000E+0000  0.00000000000000E+0000  0.00000000000000E+0000  0.00000000000000E+0000  0.00000000000000E+0000  0.00000000000000E+0000 0
 5.00000000000000E+0001 -2.50000000000000E+0001  5.00000000000000E+0001  1.00000000000000E+0000  8.00000011920929E-0001  6.00000023841858E-0001  1.00000000000000E+0000  2.77777221679688E+0002  0.00000000000000E+0000  0.00000000000000E+0000  1.38888613281250E+0004 0
 5.00000000000000E+0001 -3.33333015441895E+0001  3.33333015441895E+0001  0.00000000000000E+0000  0.00000000000000E+0000  0.00000000000000E+0000  0.00000000000000E+0000  0.00000000000000E+0000  0.00000000000000E+0000  0.00000000000000E+0000  0.00000000000000E+0000 0
 5.00000000000000E+0001 -1.66667003631592E+0001  3.33333015441895E+0001  0.00000000000000E+0000  0.00000000000000E+0000  0.00000000000000E+0000  0.00000000000000E+0000  0.00000000000000E+0000  0.00000000000000E+0000  0.00000000000000E+0000  0.00000000000000E+0000 0
 5.00000000000000E+0001  0.00000000000000E+0000  5.00000000000000E+0001  1.00000000000000E+0000  8.00000011920929E-0001  6.00000023841858E-0001  1.00000000000000E+0000  2.77778869628906E+0002  0.00000000000000E+0000  0.00000000000000E+0000  1.38889433593750E+0004 0
 5.00000000000000E+0001 -1.66667003631592E+0001  3.33333015441895E+0001  0.00000000000000E+0000  0.00000000000000E+0000  0.00000000000000E+0000  0.00000000000000E+0000  0.00000000000000E+0000  0.00000000000000E+0000  0.00000000000000E+0000  0.00000000000000E+0000 0
 5.00000000000000E+0001  0.00000000000000E+0000  3.33333015441895E+0001  0.00000000000000E+0000  0.00000000000000E+0000  0.00000000000000E+0000  0.00000000000000E+0000  0.00000000000000E+0000  0.00000000000000E+0000  0.00000000000000E+0000  0.00000000000000E+0000 0
 5.00000000000000E+0001  0.00000000000000E+0000  5.00000000000000E+0001  1.00000000000000E+0000  8.00000011920929E-0001  6.00000023841858E-0001  1.00000000000000E+0000  2.77778869628906E+0002  0.00000000000000E+0000  0.00000000000000E+0000  1.38889433593750E+0004 0
 5.00000000000000E+0001  0.00000000000000E+0000  3.33333015441895E+0001  0.00000000000000E+0000  0.00000000000000E+0000  0.00000000000000E+0000  0.00000000000000E+0000  0.00000000000000E+0000  0.00000000000000E+0000  0.00000000000000E+0000  0.00000000000000E+0000 0
 5.00000000000000E+0001  1.66667003631592E+0001  3.33333015441895E+0001  0.00000000000000E+0000  0.00000000000000E+0000  0.00000000000000E+0000  0.00000000000000E+0000  0.00000000000000E+0000  0.00000000000000E+0000  0.00000000000000E+0000  0.00000000000000E+0000 0
 5.00000000000000E+0001  2.50000000000000E+0001  5.00000000000000E+0001  1.00000000000000E+0000  8.00000011920929E-0001  6.00000023841858E-0001  1.00000000000000E+0000  2.77777221679688E+0002  0.00000000000000E+0000  0.00000000000000E+0000  1.38888613281250E+0004 0
 5.00000000000000E+0001  1.66667003631592E+0001  3.33333015441895E+0001  0.00000000000000E+0000  0.00000000000000E+0000  0.00000000000000E+0000  0.00000000000000E+0000  0.00000000000000E+0000  0.00000000000000E+0000  0.00000000000000E+0000  0.00000000000000E+0000 0
 5.00000000000000E+0001  3.33333015441895E+0001  3.33333015441895E+0001  0.00000000000000E+0000  0.00000000000000E+0000  0.00000000000000E+0000  0.00000000000000E+0000  0.00000000000000E+0000  0.00000000000000E+0000  0.00000000000000E+0000  0.00000000000000E+0000 0
 5.00000000000000E+0001 -5.00000000000000E+0001  2.50000000000000E+0001  1.00000000000000E+0000  8.00000011920929E-0001  6.00000023841858E-0001  1.00000000000000E+0000  2.77777221679688E+0002  0.00000000000000E+0000  0.00000000000000E+0000  1.38888613281250E+0004 0
 5.00000000000000E+0001 -3.33333015441895E+0001  1.66667003631592E+0001  0.00000000000000E+0000  0.00000000000000E+0000  0.00000000000000E+0000  0.00000000000000E+0000  0.00000000000000E+0000  0.00000000000000E+0000  0.00000000000000E+0000  0.00000000000000E+0000 0
 5.00000000000000E+0001 -3.33333015441895E+0001  3.33333015441895E+0001  0.00000000000000E+0000  0.00000000000000E+0000  0.00000000000000E+0000  0.00000000000000E+0000  0.00000000000000E+0000  0.00000000000000E+0000  0.00000000000000E+0000  0.00000000000000E+0000 0
 5.00000000000000E+0001  5.00000000000000E+0001  2.50000000000000E+0001  1.00000000000000E+0000  8.00000011920929E-0001  6.00000023841858E-0001  1.00000000000000E+0000  2.77777221679688E+0002  0.00000000000000E+0000  0.00000000000000E+0000  1.38888613281250E+0004 0
 5.00000000000000E+0001  3.33333015441895E+0001  3.33333015441895E+0001  0.00000000000000E+0000  0.00000000000000E+0000  0.00000000000000E+0000  0.00000000000000E+0000  0.00000000000000E+0000  0.00000000000000E+0000  0.00000000000000E+0000  0.00000000000000E+0000 0
 5.00000000000000E+0001  3.33333015441895E+0001  1.66667003631592E+0001  0.00000000000000E+0000  0.00000000000000E+0000  0.00000000000000E+0000  0.00000000000000E+0000  0.00000000000000E+0000  0.00000000000000E+0000  0.00000000000000E+0000  0.00000000000000E+0000 0
 5.00000000000000E+0001 -5.00000000000000E+0001  0.00000000000000E+0000  1.00000000000000E+0000  8.00000011920929E-0001  6.00000023841858E-0001  1.00000000000000E+0000  2.77778869628906E+0002  0.00000000000000E+0000  0.00000000000000E+0000  1.38889433593750E+0004 0
 5.00000000000000E+0001 -3.33333015441895E+0001  0.00000000000000E+0000  0.00000000000000E+0000  0.00000000000000E+0000  0.00000000000000E+0000  0.00000000000000E+0000  0.00000000000000E+0000  0.00000000000000E+0000  0.00000000000000E+0000  0.00000000000000E+0000 0
 5.00000000000000E+0001 -3.33333015441895E+0001  1.66667003631592E+0001  0.00000000000000E+0000  0.00000000000000E+0000  0.00000000000000E+0000  0.00000000000000E+0000  0.00000000000000E+0000  0.00000000000000E+0000  0.00000000000000E+0000  0.00000000000000E+0000 0
 5.00000000000000E+0001  5.00000000000000E+0001  0.00000000000000E+0000  1.00000000000000E+0000  8.00000011920929E-0001  6.00000023841858E-0001  1.00000000000000E+0000  2.77778869628906E+0002  0.00000000000000E+0000  0.00000000000000E+0000  1.38889433593750E+0004 0
 5.00000000000000E+0001  3.33333015441895E+0001  1.66667003631592E+0001  0.00000000000000E+0000  0.00000000000000E+0000  0.00000000000000E+0000  0.00000000000000E+0000  0.00000000000000E+0000  0.00000000000000E+0000  0.00000000000000E+0000  0.00000000000000E+0000 0
 5.00000000000000E+0001  3.33333015441895E+0001  0.00000000000000E+0000  0.00000000000000E+0000  0.00000000000000E+0000  0.00000000000000E+0000  0.00000000000000E+0000  0.00000000000000E+0000  0.00000000000000E+0000  0.00000000000000E+0000  0.00000000000000E+0000 0
 5.00000000000000E+0001 -5.00000000000000E+0001  0.00000000000000E+0000  1.00000000000000E+0000  8.00000011920929E-0001  6.00000023841858E-0001  1.00000000000000E+0000  2.77778869628906E+0002  0.00000000000000E+0000  0.00000000000000E+0000  1.38889433593750E+0004 0
 5.00000000000000E+0001 -3.33333015441895E+0001 -1.66667003631592E+0001  0.00000000000000E+0000  0.00000000000000E+0000  0.00000000000000E+0000  0.00000000000000E+0000  0.00000000000000E+0000  0.00000000000000E+0000  0.00000000000000E+0000  0.00000000000000E+0000 0
 5.00000000000000E+0001 -3.33333015441895E+0001  0.00000000000000E+0000  0.00000000000000E+0000  0.00000000000000E+0000  0.00000000000000E+0000  0.00000000000000E+0000  0.00000000000000E+0000  0.00000000000000E+0000  0.00000000000000E+0000  0.00000000000000E+0000 0
 5.00000000000000E+0001  5.00000000000000E+0001  0.00000000000000E+0000  1.00000000000000E+0000  8.00000011920929E-0001  6.00000023841858E-0001  1.00000000000000E+0000  2.77778869628906E+0002  0.00000000000000E+0000  0.00000000000000E+0000  1.38889433593750E+0004 0
 5.00000000000000E+0001  3.33333015441895E+0001  0.00000000000000E+0000  0.00000000000000E+0000  0.00000000000000E+0000  0.00000000000000E+0000  0.00000000000000E+0000  0.00000000000000E+0000  0.00000000000000E+0000  0.00000000000000E+0000  0.00000000000000E+0000 0
 5.00000000000000E+0001  3.33333015441895E+0001 -1.66667003631592E+0001  0.00000000000000E+0000  0.00000000000000E+0000  0.00000000000000E+0000  0.00000000000000E+0000  0.00000000000000E+0000  0.00000000000000E+0000  0.00000000000000E+0000  0.00000000000000E+0000 0
 5.00000000000000E+0001 -5.00000000000000E+0001 -2.50000000000000E+0001  1.00000000000000E+0000  8.00000011920929E-0001  6.00000023841858E-0001  1.00000000000000E+0000  2.77777221679688E+0002  0.00000000000000E+0000  0.00000000000000E+0000  1.38888613281250E+0004 0
 5.00000000000000E+0001 -3.33333015441895E+0001 -3.33333015441895E+0001  0.00000000000000E+0000  0.00000000000000E+0000  0.00000000000000E+0000  0.00000000000000E+0000  0.00000000000000E+0000  0.00000000000000E+0000  0.00000000000000E+0000  0.00000000000000E+0000 0
 5.00000000000000E+0001 -3.33333015441895E+0001 -1.66667003631592E+0001  0.00000000000000E+0000  0.00000000000000E+0000  0.00000000000000E+0000  0.00000000000000E+0000  0.00000000000000E+0000  0.00000000000000E+0000  0.00000000000000E+0000  0.00000000000000E+0000 0
 5.00000000000000E+0001  5.00000000000000E+0001 -2.50000000000000E+0001  1.00000000000000E+0000  8.00000011920929E-0001  6.00000023841858E-0001  1.00000000000000E+0000  2.77777221679688E+0002  0.00000000000000E+0000  0.00000000000000E+0000  1.38888613281250E+0004 0
 5.00000000000000E+0001  3.33333015441895E+0001 -1.66667003631592E+0001  0.00000000000000E+0000  0.00000000000000E+0000  0.00000000000000E+0000  0.00000000000000E+0000  0.00000000000000E+0000  0.00000000000000E+0000  0.00000000000000E+0000  0.00000000000000E+0000 0
 5.00000000000000E+0001  3.33333015441895E+0001 -3.33333015441895E+0001  0.00000000000000E+0000  0.00000000000000E+0000  0.00000000000000E+0000  0.00000000000000E+0000  0.00000000000000E+0000  0.00000000000000E+0000  0.00000000000000E+0000  0.00000000000000E+0000 0
 5.00000000000000E+0001 -2.50000000000000E+0001 -5.00000000000000E+0001  1.00000000000000E+0000  8.00000011920929E-0001  6.00000023841858E-0001  1.00000000000000E+0000  2.77777221679688E+0002  0.00000000000000E+0000  0.00000000000000E+0000  1.38888613281250E+0004 0
 5.00000000000000E+0001 -1.66667003631592E+0001 -3.33333015441895E+0001  0.00000000000000E+0000  0.00000000000000E+0000  0.00000000000000E+0000  0.00000000000000E+0000  0.00000000000000E+0000  0.00000000000000E+0000  0.00000000000000E+0000  0.00000000000000E+0000 0
 5.00000000000000E+0001 -3.33333015441895E+0001 -3.33333015441895E+0001  0.00000000000000E+0000  0.00000000000000E+0000  0.00000000000000E+0000  0.00000000000000E+0000  0.00000000000000E+0000  0.00000000000000E+0000  0.00000000000000E+0000  0.00000000000000E+0000 0
 5.00000000000000E+0001  0.00000000000000E+0000 -5.00000000000000E+0001  1.00000000000000E+0000  8.00000011920929E-0001  6.00000023841858E-0001  1.00000000000000E+0000  2.77778869628906E+0002  0.00000000000000E+0000  0.00000000000000E+0000  1.38889433593750E+0004 0
 5.00000000000000E+0001  0.00000000000000E+0000 -3.33333015441895E+0001  0.00000000000000E+0000  0.00000000000000E+0000  0.00000000000000E+0000  0.00000000000000E+0000  0.00000000000000E+0000  0.00000000000000E+0000  0.00000000000000E+0000  0.00000000000000E+0000 0
 5.00000000000000E+0001 -1.66667003631592E+0001 -3.33333015441895E+0001  0.00000000000000E+0000  0.00000000000000E+0000  0.00000000000000E+0000  0.00000000000000E+0000  0.00000000000000E+0000  0.00000000000000E+0000  0.00000000000000E+0000  0.00000000000000E+0000 0
 5.00000000000000E+0001  0.00000000000000E+0000 -5.00000000000000E+0001  1.00000000000000E+0000  8.00000011920929E-0001  6.00000023841858E-0001  1.00000000000000E+0000  2.77778869628906E+0002  0.00000000000000E+0000  0.00000000000000E+0000  1.38889433593750E+0004 0
 5.00000000000000E+0001  1.66667003631592E+0001 -3.33333015441895E+0001  0.00000000000000E+0000  0.00000000000000E+0000  0.00000000000000E+0000  0.00000000000000E+0000  0.00000000000000E+0000  0.00000000000000E+0000  0.00000000000000E+0000  0.00000000000000E+0000 0
 5.00000000000000E+0001  0.00000000000000E+0000 -3.33333015441895E+0001  0.00000000000000E+0000  0.00000000000000E+0000  0.00000000000000E+0000  0.00000000000000E+0000  0.00000000000000E+0000  0.00000000000000E+0000  0.00000000000000E+0000  0.00000000000000E+0000 0
 5.00000000000000E+0001  2.50000000000000E+0001 -5.00000000000000E+0001  1.00000000000000E+0000  8.00000011920929E-0001  6.00000023841858E-0001  1.00000000000000E+0000  2.77777221679688E+0002  0.00000000000000E+0000  0.00000000000000E+0000  1.38888613281250E+0004 0
 5.00000000000000E+0001  3.33333015441895E+0001 -3.33333015441895E+0001  0.00000000000000E+0000  0.00000000000000E+0000  0.00000000000000E+0000  0.00000000000000E+0000  0.00000000000000E+0000  0.00000000000000E+0000  0.00000000000000E+0000  0.00000000000000E+0000 0
 5.00000000000000E+0001  1.66667003631592E+0001 -3.33333015441895E+0001  0.00000000000000E+0000  0.00000000000000E+0000  0.00000000000000E+0000  0.00000000000000E+0000  0.00000000000000E+0000  0.00000000000000E+0000  0.00000000000000E+0000  0.00000000000000E+0000 0
