-10 0 0 0 0 0 0 0 0 0 0 0
204 1 0 0 0 0 0 0 0 0 0 0
-20 0 0 0 0 0 0 0 0 0 0 0
 5.00000000000000E+0001 -6.66700005531311E-0001 -6.66700005531311E-0001  1.00000000000000E+0000  8.00000011920929E-0001  6.00000023841858E-0001  1.00000000000000E+0000  1.11155569553375E-0001  0.00000000000000E+0000  0.00000000000000E+0000  5.55777835845947E+0000  0.00000000000000E+0000
 5.00000000000000E+0001 -3.33299994468689E-0001 -6.66700005531311E-0001  0.00000000000000E+0000  0.00000000000000E+0000  0.00000000000000E+0000  0.00000000000000E+0000  0.00000000000000E+0000  0.00000000000000E+0000  0.00000000000000E+0000  0.00000000000000E+0000  0.00000000000000E+0000
 5.00000000000000E+0001 -3.33299994468689E-0001 -3.33299994468689E-0001  0.00000000000000E+0000  0.00000000000000E+0000  0.00000000000000E+0000  0.00000000000000E+0000  0.00000000000000E+0000  0.00000000000000E+0000  0.00000000000000E+0000  0.00000000000000E+0000  0.00000000000000E+0000
 5.00000000000000E+0001 -6.66700005531311E-0001 -6.66700005531311E-0001  1.00000000000000E+0000  8.00000011920929E-0001  6.00000023841858E-0001  1.00000000000000E+0000  1.11155569553375E-0001  0.00000000000000E+0000  0.00000000000000E+0000  5.55777835845947E+0000  0.00000000000000E+0000
 5.00000000000000E+0001 -3.33299994468689E-0001 -3.33299994468689E-0001  0.00000000000000E+0000  0.00000000000000E+0000  0.00000000000000E+0000  0.00000000000000E+0000  0.00000000000000E+0000  0.00000000000000E+0000  0.00000000000000E+0000  0.00000000000000E+0000  0.00000000000000E+0000
 5.00000000000000E+0001 -6.66700005531311E-0001 -3.33299994468689E-0001  0.00000000000000E+0000  0.00000000000000E+0000  0.00000000000000E+0000  0.00000000000000E+0000  0.00000000000000E+0000  0.00000000000000E+0000  0.00000000000000E+0000  0.00000000000000E+0000  0.00000000000000E+0000
 5.00000000000000E+0001 -3.33299994468689E-0001 -6.66700005531311E-0001  1.00000000000000E+0000  8.00000011920929E-0001  6.00000023841858E-0001  1.00000000000000E+0000  1.11122220754623E-0001  0.00000000000000E+0000  0.00000000000000E+0000  5.55611085891724E+0000  0.00000000000000E+0000
 5.00000000000000E+0001  0.00000000000000E+0000 -6.66700005531311E-0001  0.00000000000000E+0000  0.00000000000000E+0000  0.00000000000000E+0000  0.00000000000000E+0000  0.00000000000000E+0000  0.00000000000000E+0000  0.00000000000000E+0000  0.00000000000000E+0000  0.00000000000000E+0000
 5.00000000000000E+0001  0.00000000000000E+0000 -3.33299994468689E-0001  0.00000000000000E+0000  0.00000000000000E+0000  0.00000000000000E+0000  0.00000000000000E+0000  0.00000000000000E+0000  0.00000000000000E+0000  0.00000000000000E+0000  0.00000000000000E+0000  0.00000000000000E+0000
 5.00000000000000E+0001 -3.33299994468689E-0001 -6.66700005531311E-0001  1.00000000000000E+0000  8.00000011920929E-0001  6.00000023841858E-0001  1.00000000000000E+0000  1.11122220754623E-0001  0.00000000000000E+0000  0.00000000000000E+0000  5.55611085891724E+0000  0.00000000000000E+0000
 5.00000000000000E+0001  0.00000000000000E+0000 -3.33299994468689E-0001  0.00000000000000E+0000  0.00000000000000E+0000  0.00000000000000E+0000  0.00000000000000E+0000  0.00000000000000E+0000  0.00000000000000E+0000  0.00000000000000E+0000  0.00000000000000E+0000  0.00000000000000E+0000
 5.00000000000000E+0001 -3.33299994468689E-0001 -3.33299994468689E-0001  0.00000000000000E+0000  0.00000000000000E+0000  0.00000000000000E+0000  0.00000000000000E+0000  0.00000000000000E+0000  0.00000000000000E+0000  0.00000000000000E+0000  0.00000000000000E+0000  0.00000000000000E+0000
 5.00000000000000E+0001  0.00000000000000E+0000 -6.66700005531311E-0001  1.00000000000000E+0000  8.00000011920929E-0001  6.00000023841858E-0001  1.00000000000000E+0000  1.11122220754623E-0001  0.00000000000000E+0000  0.00000000000000E+0000  5.55611085891724E+0000  0.00000000000000E+0000
 5.00000000000000E+0001  3.33299994468689E-0001 -6.66700005531311E-0001  0.00000000000000E+0000  0.00000000000000E+0000  0.00000000000000E+0000  0.00000000000000E+0000  0.00000000000000E+0000  0.00000000000000E+0000  0.00000000000000E+0000  0.00000000000000E+0000  0.00000000000000E+0000
 5.00000000000000E+0001  3.33299994468689E-0001 -3.33299994468689E-0001  0.00000000000000E+0000  0.00000000000000E+0000  0.00000000000000E+0000  0.00000000000000E+0000  0.00000000000000E+0000  0.00000000000000E+0000  0.00000000000000E+0000  0.00000000000000E+0000  0.00000000000000E+0000
 5.00000000000000E+0001  0.00000000000000E+0000 -6.66700005531311E-0001  1.00000000000000E+0000  8.00000011920929E-0001  6.00000023841858E-0001  1.00000000000000E+0000  1.11122220754623E-0001  0.00000000000000E+0000  0.00000000000000E+0000  5.55611085891724E+0000  0.00000000000000E+0000
 5.00000000000000E+0001  3.33299994468689E-0001 -3.33299994468689E-0001  0.00000000000000E+0000  0.00000000000000E+0000  0.00000000000000E+0000  0.00000000000000E+0000  0.00000000000000E+0000  0.00000000000000E+0000  0.00000000000000E+0000  0.00000000000000E+0000  0.00000000000000E+0000
 5.00000000000000E+0001  0.00000000000000E+0000 -3.33299994468689E-0001  0.00000000000000E+0000  0.00000000000000E+0000  0.00000000000000E+0000  0.00000000000000E+0000  0.00000000000000E+0000  0.00000000000000E+0000  0.00000000000000E+0000  0.00000000000000E+0000  0.00000000000000E+0000
 5.00000000000000E+0001  3.33299994468689E-0001 -6.66700005531311E-0001  1.00000000000000E+0000  8.00000011920929E-0001  6.00000023841858E-0001  1.00000000000000E+0000  1.11155569553375E-0001  0.00000000000000E+0000  0.00000000000000E+0000  5.55777835845947E+0000  0.00000000000000E+0000
 5.00000000000000E+0001  6.66700005531311E-0001 -6.66700005531311E-0001  0.00000000000000E+0000  0.00000000000000E+0000  0.00000000000000E+0000  0.00000000000000E+0000  0.00000000000000E+0000  0.00000000000000E+0000  0.00000000000000E+0000  0.00000000000000E+0000  0.00000000000000E+0000
 5.00000000000000E+0001  6.66700005531311E-0001 -3.33299994468689E-0001  0.00000000000000E+0000  0.00000000000000E+0000  0.00000000000000E+0000  0.00000000000000E+0000  0.00000000000000E+0000  0.00000000000000E+0000  0.00000000000000E+0000  0.00000000000000E+0000  0.00000000000000E+0000
 5.00000000000000E+0001  3.33299994468689E-0001 -6.66700005531311E-0001  1.00000000000000E+0000  8.00000011920929E-0001  6.00000023841858E-0001  1.00000000000000E+0000  1.11155569553375E-0001  0.00000000000000E+0000  0.00000000000000E+0000  5.55777835845947E+0000  0.00000000000000E+0000
 5.00000000000000E+0001  6.66700005531311E-0001 -3.33299994468689E-0001  0.00000000000000E+0000  0.00000000000000E+0000  0.00000000000000E+0000  0.00000000000000E+0000  0.00000000000000E+0000  0.00000000000000E+0000  0.00000000000000E+0000  0.00000000000000E+0000  0.00000000000000E+0000
 5.00000000000000E+0001  3.33299994468689E-0001 -3.33299994468689E-0001  0.00000000000000E+0000  0.00000000000000E+0000  0.00000000000000E+0000  0.00000000000000E+0000  0.00000000000000E+0000  0.00000000000000E+0000  0.00000000000000E+0000  0.00000000000000E+0000  0.00000000000000E+0000
 5.00000000000000E+0001 -6.66700005531311E-0001 -3.33299994468689E-0001  1.00000000000000E+0000  8.00000011920929E-0001  6.00000023841858E-0001  1.00000000000000E+0000  1.11122220754623E-0001  0.00000000000000E+0000  0.00000000000000E+0000  5.55611085891724E+0000  0.00000000000000E+0000
 5.00000000000000E+0001 -3.33299994468689E-0001 -3.33299994468689E-0001  0.00000000000000E+0000  0.00000000000000E+0000  0.00000000000000E+0000  0.00000000000000E+0000  0.00000000000000E+0000  0.00000000000000E+0000  0.00000000000000E+0000  0.00000000000000E+0000  0.00000000000000E+0000
 5.00000000000000E+0001 -3.33299994468689E-0001  0.00000000000000E+0000  0.00000000000000E+0000  0.00000000000000E+0000  0.00000000000000E+0000  0.00000000000000E+0000  0.00000000000000E+0000  0.00000000000000E+0000  0.00000000000000E+0000  0.00000000000000E+0000  0.00000000000000E+0000
 5.00000000000000E+0001 -6.66700005531311E-0001 -3.33299994468689E-0001  1.00000000000000E+0000  8.00000011920929E-0001  6.00000023841858E-0001  1.00000000000000E+0000  1.11122220754623E-0001  0.00000000000000E+0000  0.00000000000000E+0000  5.55611085891724E+0000  0.00000000000000E+0000
 5.00000000000000E+0001 -3.33299994468689E-0001  0.00000000000000E+0000  0.00000000000000E+0000  0.00000000000000E+0000  0.00000000000000E+0000  0.00000000000000E+0000  0.00000000000000E+0000  0.00000000000000E+0000  0.00000000000000E+0000  0.00000000000000E+0000  0.00000000000000E+0000
 5.00000000000000E+0001 -6.66700005531311E-0001  0.00000000000000E+0000  0.00000000000000E+0000  0.00000000000000E+0000  0.00000000000000E+0000  0.00000000000000E+0000  0.00000000000000E+0000  0.00000000000000E+0000  0.00000000000000E+0000  0.00000000000000E+0000  0.00000000000000E+0000
 5.00000000000000E+0001 -3.33299994468689E-0001 -3.33299994468689E-0001  1.00000000000000E+0000  8.00000011920929E-0001  6.00000023841858E-0001  1.00000000000000E+0000  1.11088886857033E-0001  0.00000000000000E+0000  0.00000000000000E+0000  5.55444431304932E+0000  0.00000000000000E+0000
 5.00000000000000E+0001  0.00000000000000E+0000 -3.33299994468689E-0001  0.00000000000000E+0000  0.00000000000000E+0000  0.00000000000000E+0000  0.00000000000000E+0000  0.00000000000000E+0000  0.00000000000000E+0000  0.00000000000000E+0000  0.00000000000000E+0000  0.00000000000000E+0000
 5.00000000000000E+0001  0.00000000000000E+0000  0.00000000000000E+0000  0.00000000000000E+0000  0.00000000000000E+0000  0.00000000000000E+0000  0.00000000000000E+0000  0.00000000000000E+0000  0.00000000000000E+0000  0.00000000000000E+0000  0.00000000000000E+0000  0.00000000000000E+0000
 5.00000000000000E+0001 -3.33299994468689E-0001 -3.33299994468689E-0001  1.00000000000000E+0000  8.00000011920929E-0001  6.00000023841858E-0001  1.00000000000000E+0000  1.11088886857033E-0001  0.00000000000000E+0000  0.00000000000000E+0000  5.55444431304932E+0000  0.00000000000000E+0000
 5.00000000000000E+0001  0.00000000000000E+0000  0.00000000000000E+0000  0.00000000000000E+0000  0.00000000000000E+0000  0.00000000000000E+0000  0.00000000000000E+0000  0.00000000000000E+0000  0.00000000000000E+0000  0.00000000000000E+0000  0.00000000000000E+0000  0.00000000000000E+0000
 5.00000000000000E+0001 -3.33299994468689E-0001  0.00000000000000E+0000  0.00000000000000E+0000  0.00000000000000E+0000  0.00000000000000E+0000  0.00000000000000E+0000  0.00000000000000E+0000  0.00000000000000E+0000  0.00000000000000E+0000  0.00000000000000E+0000  0.00000000000000E+0000
 5.00000000000000E+0001  0.00000000000000E+0000 -3.33299994468689E-0001  1.00000000000000E+0000  8.00000011920929E-0001  6.00000023841858E-0001  1.00000000000000E+0000  1.11088886857033E-0001  0.00000000000000E+0000  0.00000000000000E+0000  5.55444431304932E+0000  0.00000000000000E+0000
 5.00000000000000E+0001  3.33299994468689E-0001 -3.33299994468689E-0001  0.00000000000000E+0000  0.00000000000000E+0000  0.00000000000000E+0000  0.00000000000000E+0000  0.00000000000000E+0000  0.00000000000000E+0000  0.00000000000000E+0000  0.00000000000000E+0000  0.00000000000000E+0000
 5.00000000000000E+0001  3.33299994468689E-0001  0.00000000000000E+0000  0.00000000000000E+0000  0.00000000000000E+0000  0.00000000000000E+0000  0.00000000000000E+0000  0.00000000000000E+0000  0.00000000000000E+0000  0.00000000000000E+0000  0.00000000000000E+0000  0.00000000000000E+0000
 5.00000000000000E+0001  0.00000000000000E+0000 -3.33299994468689E-0001  1.00000000000000E+0000  8.00000011920929E-0001  6.00000023841858E-0001  1.00000000000000E+0000  1.11088886857033E-0001  0.00000000000000E+0000  0.00000000000000E+0000  5.55444431304932E+0000  0.00000000000000E+0000
 5.00000000000000E+0001  3.33299994468689E-0001  0.00000000000000E+0000  0.00000000000000E+0000  0.00000000000000E+0000  0.00000000000000E+0000  0.00000000000000E+0000  0.00000000000000E+0000  0.00000000000000E+0000  0.00000000000000E+0000  0.00000000000000E+0000  0.00000000000000E+0000
 5.00000000000000E+0001  0.00000000000000E+0000  0.00000000000000E+0000  0.00000000000000E+0000  0.00000000000000E+0000  0.00000000000000E+0000  0.00000000000000E+0000  0.00000000000000E+0000  0.00000000000000E+0000  0.00000000000000E+0000  0.00000000000000E+0000  0.00000000000000E+0000
 5.00000000000000E+0001  3.33299994468689E-0001 -3.33299994468689E-0001  1.00000000000000E+0000  8.00000011920929E-0001  6.00000023841858E-0001  1.00000000000000E+0000  1.11122220754623E-0001  0.00000000000000E+0000  0.00000000000000E+0000  5.55611085891724E+0000  0.00000000000000E+0000
 5.00000000000000E+0001  6.66700005531311E-0001 -3.33299994468689E-0001  0.00000000000000E+0000  0.00000000000000E+0000  0.00000000000000E+0000  0.00000000000000E+0000  0.00000000000000E+0000  0.00000000000000E+0000  0.00000000000000E+0000  0.00000000000000E+0000  0.00000000000000E+0000
 5.00000000000000E+0001  6.66700005531311E-0001  0.00000000000000E+0000  0.00000000000000E+0000  0.00000000000000E+0000  0.00000000000000E+0000  0.00000000000000E+0000  0.00000000000000E+0000  0.00000000000000E+0000  0.00000000000000E+0000  0.00000000000000E+0000  0.00000000000000E+0000
 5.00000000000000E+0001  3.33299994468689E-0001 -3.33299994468689E-0001  1.00000000000000E+0000  8.00000011920929E-0001  6.00000023841858E-0001  1.00000000000000E+0000  1.11122220754623E-0001  0.00000000000000E+0000  0.00000000000000E+0000  5.55611085891724E+0000  0.00000000000000E+0000
 5.00000000000000E+0001  6.66700005531311E-0001  0.00000000000000E+0000  0.00000000000000E+0000  0.00000000000000E+0000  0.00000000000000E+0000  0.00000000000000E+0000  0.00000000000000E+0000  0.00000000000000E+0000  0.00000000000000E+0000  0.00000000000000E+0000  0.00000000000000E+0000
 5.00000000000000E+0001  3.33299994468689E-0001  0.00000000000000E+0000  0.00000000000000E+0000  0.00000000000000E+0000  0.00000000000000E+0000  0.00000000000000E+0000  0.00000000000000E+0000  0.00000000000000E+0000  0.00000000000000E+0000  0.00000000000000E+0000  0.00000000000000E+0000
 5.00000000000000E+0001 -6.66700005531311E-0001  0.00000000000000E+0000  1.00000000000000E+0000  8.00000011920929E-0001  6.00000023841858E-0001  1.00000000000000E+0000  1.11122220754623E-0001  0.00000000000000E+0000  0.00000000000000E+0000  5.55611085891724E+0000  0.00000000000000E+0000
 5.00000000000000E+0001 -3.33299994468689E-0001  0.00000000000000E+0000  0.00000000000000E+0000  0.00000000000000E+0000  0.00000000000000E+0000  0.00000000000000E+0000  0.00000000000000E+0000  0.00000000000000E+0000  0.00000000000000E+0000  0.00000000000000E+0000  0.00000000000000E+0000
 5.00000000000000E+0001 -3.33299994468689E-0001  3.33299994468689E-0001  0.00000000000000E+0000  0.00000000000000E+0000  0.00000000000000E+0000  0.00000000000000E+0000  0.00000000000000E+0000  0.00000000000000E+0000  0.00000000000000E+0000  0.00000000000000E+0000  0.00000000000000E+0000
 5.00000000000000E+0001 -6.66700005531311E-0001  0.00000000000000E+0000  1.00000000000000E+0000  8.00000011920929E-0001  6.00000023841858E-0001  1.00000000000000E+0000  1.11122220754623E-0001  0.00000000000000E+0000  0.00000000000000E+0000  5.55611085891724E+0000  0.00000000000000E+0000
 5.00000000000000E+0001 -3.33299994468689E-0001  3.33299994468689E-0001  0.00000000000000E+0000  0.00000000000000E+0000  0.00000000000000E+0000  0.00000000000000E+0000  0.00000000000000E+0000  0.00000000000000E+0000  0.00000000000000E+0000  0.00000000000000E+0000  0.00000000000000E+0000
 5.00000000000000E+0001 -6.66700005531311E-0001  3.33299994468689E-0001  0.00000000000000E+0000  0.00000000000000E+0000  0.00000000000000E+0000  0.00000000000000E+0000  0.00000000000000E+0000  0.00000000000000E+0000  0.00000000000000E+0000  0.00000000000000E+0000  0.00000000000000E+0000
 5.00000000000000E+0001 -3.33299994468689E-0001  0.00000000000000E+0000  1.00000000000000E+0000  8.00000011920929E-0001  6.00000023841858E-0001  1.00000000000000E+0000  1.11088886857033E-0001  0.00000000000000E+0000  0.00000000000000E+0000  5.55444431304932E+0000  0.00000000000000E+0000
 5.00000000000000E+0001  0.00000000000000E+0000  0.00000000000000E+0000  0.00000000000000E+0000  0.00000000000000E+0000  0.00000000000000E+0000  0.00000000000000E+0000  0.00000000000000E+0000  0.00000000000000E+0000  0.00000000000000E+0000  0.00000000000000E+0000  0.00000000000000E+0000
 5.00000000000000E+0001  0.00000000000000E+0000  3.33299994468689E-0001  0.00000000000000E+0000  0.00000000000000E+0000  0.00000000000000E+0000  0.00000000000000E+0000  0.00000000000000E+0000  0.00000000000000E+0000  0.00000000000000E+0000  0.00000000000000E+0000  0.00000000000000E+0000
 5.00000000000000E+0001 -3.33299994468689E-0001  0.00000000000000E+0000  1.00000000000000E+0000  8.00000011920929E-0001  6.00000023841858E-0001  1.00000000000000E+0000  1.11088886857033E-0001  0.00000000000000E+0000  0.00000000000000E+0000  5.55444431304932E+0000  0.00000000000000E+0000
 5.00000000000000E+0001  0.00000000000000E+0000  3.33299994468689E-0001  0.00000000000000E+0000  0.00000000000000E+0000  0.00000000000000E+0000  0.00000000000000E+0000  0.00000000000000E+0000  0.00000000000000E+0000  0.00000000000000E+0000  0.00000000000000E+0000  0.00000000000000E+0000
 5.00000000000000E+0001 -3.33299994468689E-0001  3.33299994468689E-0001  0.00000000000000E+0000  0.00000000000000E+0000  0.00000000000000E+0000  0.00000000000000E+0000  0.00000000000000E+0000  0.00000000000000E+0000  0.00000000000000E+0000  0.00000000000000E+0000  0.00000000000000E+0000
 5.00000000000000E+0001  0.00000000000000E+0000  0.00000000000000E+0000  1.00000000000000E+0000  8.00000011920929E-0001  6.00000023841858E-0001  1.00000000000000E+0000  1.11088886857033E-0001  0.00000000000000E+0000  0.00000000000000E+0000  5.55444431304932E+0000  0.00000000000000E+0000
 5.00000000000000E+0001  3.33299994468689E-0001  0.00000000000000E+0000  0.00000000000000E+0000  0.00000000000000E+0000  0.00000000000000E+0000  0.00000000000000E+0000  0.00000000000000E+0000  0.00000000000000E+0000  0.00000000000000E+0000  0.00000000000000E+0000  0.00000000000000E+0000
 5.00000000000000E+0001  3.33299994468689E-0001  3.33299994468689E-0001  0.00000000000000E+0000  0.00000000000000E+0000  0.00000000000000E+0000  0.00000000000000E+0000  0.00000000000000E+0000  0.00000000000000E+0000  0.00000000000000E+0000  0.00000000000000E+0000  0.00000000000000E+0000
 5.00000000000000E+0001  0.00000000000000E+0000  0.00000000000000E+0000  1.00000000000000E+0000  8.00000011920929E-0001  6.00000023841858E-0001  1.00000000000000E+0000  1.11088886857033E-0001  0.00000000000000E+0000  0.00000000000000E+0000  5.55444431304932E+0000  0.00000000000000E+0000
 5.00000000000000E+0001  3.33299994468689E-0001  3.33299994468689E-0001  0.00000000000000E+0000  0.00000000000000E+0000  0.00000000000000E+0000  0.00000000000000E+0000  0.00000000000000E+0000  0.00000000000000E+0000  0.00000000000000E+0000  0.00000000000000E+0000  0.00000000000000E+0000
 5.00000000000000E+0001  0.00000000000000E+0000  3.33299994468689E-0001  0.00000000000000E+0000  0.00000000000000E+0000  0.00000000000000E+0000  0.00000000000000E+0000  0.00000000000000E+0000  0.00000000000000E+0000  0.00000000000000E+0000  0.00000000000000E+0000  0.00000000000000E+0000
 5.00000000000000E+0001  3.33299994468689E-0001  0.00000000000000E+0000  1.00000000000000E+0000  8.00000011920929E-0001  6.00000023841858E-0001  1.00000000000000E+0000  1.11122220754623E-0001  0.00000000000000E+0000  0.00000000000000E+0000  5.55611085891724E+0000  0.00000000000000E+0000
 5.00000000000000E+0001  6.66700005531311E-0001  0.00000000000000E+0000  0.00000000000000E+0000  0.00000000000000E+0000  0.00000000000000E+0000  0.00000000000000E+0000  0.00000000000000E+0000  0.00000000000000E+0000  0.00000000000000E+0000  0.00000000000000E+0000  0.00000000000000E+0000
 5.00000000000000E+0001  6.66700005531311E-0001  3.33299994468689E-0001  0.00000000000000E+0000  0.00000000000000E+0000  0.00000000000000E+0000  0.00000000000000E+0000  0.00000000000000E+0000  0.00000000000000E+0000  0.00000000000000E+0000  0.00000000000000E+0000  0.00000000000000E+0000
 5.00000000000000E+0001  3.33299994468689E-0001  0.00000000000000E+0000  1.00000000000000E+0000  8.00000011920929E-0001  6.00000023841858E-0001  1.00000000000000E+0000  1.11122220754623E-0001  0.00000000000000E+0000  0.00000000000000E+0000  5.55611085891724E+0000  0.00000000000000E+0000
 5.00000000000000E+0001  6.66700005531311E-0001  3.33299994468689E-0001  0.00000000000000E+0000  0.00000000000000E+0000  0.00000000000000E+0000  0.00000000000000E+0000  0.00000000000000E+0000  0.00000000000000E+0000  0.00000000000000E+0000  0.00000000000000E+0000  0.00000000000000E+0000
 5.00000000000000E+0001  3.33299994468689E-0001  3.33299994468689E-0001  0.00000000000000E+0000  0.00000000000000E+0000  0.00000000000000E+0000  0.00000000000000E+0000  0.00000000000000E+0000  0.00000000000000E+0000  0.00000000000000E+0000  0.00000000000000E+0000  0.00000000000000E+0000
 5.00000000000000E+0001 -6.66700005531311E-0001  3.33299994468689E-0001  1.00000000000000E+0000  8.00000011920929E-0001  6.00000023841858E-0001  1.00000000000000E+0000  1.11155569553375E-0001  0.00000000000000E+0000  0.00000000000000E+0000  5.55777835845947E+0000  0.00000000000000E+0000
 5.00000000000000E+0001 -3.33299994468689E-0001  3.33299994468689E-0001  0.00000000000000E+0000  0.00000000000000E+0000  0.00000000000000E+0000  0.00000000000000E+0000  0.00000000000000E+0000  0.00000000000000E+0000  0.00000000000000E+0000  0.00000000000000E+0000  0.00000000000000E+0000
 5.00000000000000E+0001 -3.33299994468689E-0001  6.66700005531311E-0001  0.00000000000000E+0000  0.00000000000000E+0000  0.00000000000000E+0000  0.00000000000000E+0000  0.00000000000000E+0000  0.00000000000000E+0000  0.00000000000000E+0000  0.00000000000000E+0000  0.00000000000000E+0000
 5.00000000000000E+0001 -6.66700005531311E-0001  3.33299994468689E-0001  1.00000000000000E+0000  8.00000011920929E-0001  6.00000023841858E-0001  1.00000000000000E+0000  1.11155569553375E-0001  0.00000000000000E+0000  0.00000000000000E+0000  5.55777835845947E+0000  0.00000000000000E+0000
 5.00000000000000E+0001 -3.33299994468689E-0001  6.66700005531311E-0001  0.00000000000000E+0000  0.00000000000000E+0000  0.00000000000000E+0000  0.00000000000000E+0000  0.00000000000000E+0000  0.00000000000000E+0000  0.00000000000000E+0000  0.00000000000000E+0000  0.00000000000000E+0000
 5.00000000000000E+0001 -6.66700005531311E-0001  6.66700005531311E-0001  0.00000000000000E+0000  0.00000000000000E+0000  0.00000000000000E+0000  0.00000000000000E+0000  0.00000000000000E+0000  0.00000000000000E+0000  0.00000000000000E+0000  0.00000000000000E+0000  0.00000000000000E+0000
 5.00000000000000E+0001 -3.33299994468689E-0001  3.33299994468689E-0001  1.00000000000000E+0000  8.00000011920929E-0001  6.00000023841858E-0001  1.00000000000000E+0000  1.11122220754623E-0001  0.00000000000000E+0000  0.00000000000000E+0000  5.55611085891724E+0000  0.00000000000000E+0000
 5.00000000000000E+0001  0.00000000000000E+0000  3.33299994468689E-0001  0.00000000000000E+0000  0.00000000000000E+0000  0.00000000000000E+0000  0.00000000000000E+0000  0.00000000000000E+0000  0.00000000000000E+0000  0.00000000000000E+0000  0.00000000000000E+0000  0.00000000000000E+0000
 5.00000000000000E+0001  0.00000000000000E+0000  6.66700005531311E-0001  0.00000000000000E+0000  0.00000000000000E+0000  0.00000000000000E+0000  0.00000000000000E+0000  0.00000000000000E+0000  0.00000000000000E+0000  0.00000000000000E+0000  0.00000000000000E+0000  0.00000000000000E+0000
 5.00000000000000E+0001 -3.33299994468689E-0001  3.33299994468689E-0001  1.00000000000000E+0000  8.00000011920929E-0001  6.00000023841858E-0001  1.00000000000000E+0000  1.11122220754623E-0001  0.00000000000000E+0000  0.00000000000000E+0000  5.55611085891724E+0000  0.00000000000000E+0000
 5.00000000000000E+0001  0.00000000000000E+0000  6.66700005531311E-0001  0.00000000000000E+0000  0.00000000000000E+0000  0.00000000000000E+0000  0.00000000000000E+0000  0.00000000000000E+0000  0.00000000000000E+0000  0.00000000000000E+0000  0.00000000000000E+0000  0.00000000000000E+0000
 5.00000000000000E+0001 -3.33299994468689E-0001  6.66700005531311E-0001  0.00000000000000E+0000  0.00000000000000E+0000  0.00000000000000E+0000  0.00000000000000E+0000  0.00000000000000E+0000  0.00000000000000E+0000  0.00000000000000E+0000  0.00000000000000E+0000  0.00000000000000E+0000
 5.00000000000000E+0001  0.00000000000000E+0000  3.33299994468689E-0001  1.00000000000000E+0000  8.00000011920929E-0001  6.00000023841858E-0001  1.00000000000000E+0000  1.11122220754623E-0001  0.00000000000000E+0000  0.00000000000000E+0000  5.55611085891724E+0000  0.00000000000000E+0000
 5.00000000000000E+0001  3.33299994468689E-0001  3.33299994468689E-0001  0.00000000000000E+0000  0.00000000000000E+0000  0.00000000000000E+0000  0.00000000000000E+0000  0.00000000000000E+0000  0.00000000000000E+0000  0.00000000000000E+0000  0.00000000000000E+0000  0.00000000000000E+0000
 5.00000000000000E+0001  3.33299994468689E-0001  6.66700005531311E-0001  0.00000000000000E+0000  0.00000000000000E+0000  0.00000000000000E+0000  0.00000000000000E+0000  0.00000000000000E+0000  0.00000000000000E+0000  0.00000000000000E+0000  0.00000000000000E+0000  0.00000000000000E+0000
 5.00000000000000E+0001  0.00000000000000E+0000  3.33299994468689E-0001  1.00000000000000E+0000  8.00000011920929E-0001  6.00000023841858E-0001  1.00000000000000E+0000  1.11122220754623E-0001  0.00000000000000E+0000  0.00000000000000E+0000  5.55611085891724E+0000  0.00000000000000E+0000
 5.00000000000000E+0001  3.33299994468689E-0001  6.66700005531311E-0001  0.00000000000000E+0000  0.00000000000000E+0000  0.00000000000000E+0000  0.00000000000000E+0000  0.00000000000000E+0000  0.00000000000000E+0000  0.00000000000000E+0000  0.00000000000000E+0000  0.00000000000000E+0000
 5.00000000000000E+0001  0.00000000000000E+0000  6.66700005531311E-0001  0.00000000000000E+0000  0.00000000000000E+0000  0.00000000000000E+0000  0.00000000000000E+0000  0.00000000000000E+0000  0.00000000000000E+0000  0.00000000000000E+0000  0.00000000000000E+0000  0.00000000000000E+0000
 5.00000000000000E+0001  3.33299994468689E-0001  3.33299994468689E-0001  1.00000000000000E+0000  8.00000011920929E-0001  6.00000023841858E-0001  1.00000000000000E+0000  1.11155569553375E-0001  0.00000000000000E+0000  0.00000000000000E+0000  5.55777835845947E+0000  0.00000000000000E+0000
 5.00000000000000E+0001  6.66700005531311E-0001  3.33299994468689E-0001  0.00000000000000E+0000  0.00000000000000E+0000  0.00000000000000E+0000  0.00000000000000E+0000  0.00000000000000E+0000  0.00000000000000E+0000  0.00000000000000E+0000  0.00000000000000E+0000  0.00000000000000E+0000
 5.00000000000000E+0001  6.66700005531311E-0001  6.66700005531311E-0001  0.00000000000000E+0000  0.00000000000000E+0000  0.00000000000000E+0000  0.00000000000000E+0000  0.00000000000000E+0000  0.00000000000000E+0000  0.00000000000000E+0000  0.00000000000000E+0000  0.00000000000000E+0000
 5.00000000000000E+0001  3.33299994468689E-0001  3.33299994468689E-0001  1.00000000000000E+0000  8.00000011920929E-0001  6.00000023841858E-0001  1.00000000000000E+0000  1.11155569553375E-0001  0.00000000000000E+0000  0.00000000000000E+0000  5.55777835845947E+0000  0.00000000000000E+0000
 5.00000000000000E+0001  6.66700005531311E-0001  6.66700005531311E-0001  0.00000000000000E+0000  0.00000000000000E+0000  0.00000000000000E+0000  0.00000000000000E+0000  0.00000000000000E+0000  0.00000000000000E+0000  0.00000000000000E+0000  0.00000000000000E+0000  0.00000000000000E+0000
 5.00000000000000E+0001  3.33299994468689E-0001  6.66700005531311E-0001  0.00000000000000E+0000  0.00000000000000E+0000  0.00000000000000E+0000  0.00000000000000E+0000  0.00000000000000E+0000  0.00000000000000E+0000  0.00000000000000E+0000  0.00000000000000E+0000  0.00000000000000E+0000
 5.00000000000000E+0001  8.85500013828278E-0001 -4.64700013399124E-0001  1.00000000000000E+0000  8.00000011920929E-0001  6.00000023841858E-0001  1.00000000000000E+0000  1.16721667349339E-0001  0.00000000000000E+0000  0.00000000000000E+0000  5.83608341217041E+0000  0.00000000000000E+0000
 5.00000000000000E+0001  1.00000000000000E+0000  0.00000000000000E+0000  0.00000000000000E+0000  0.00000000000000E+0000  0.00000000000000E+0000  0.00000000000000E+0000  0.00000000000000E+0000  0.00000000000000E+0000  0.00000000000000E+0000  0.00000000000000E+0000  0.00000000000000E+0000
 5.00000000000000E+0001  6.66700005531311E-0001 -3.33299994468689E-0001  0.00000000000000E+0000  0.00000000000000E+0000  0.00000000000000E+0000  0.00000000000000E+0000  0.00000000000000E+0000  0.00000000000000E+0000  0.00000000000000E+0000  0.00000000000000E+0000  0.00000000000000E+0000
 5.00000000000000E+0001  1.00000000000000E+0000  0.00000000000000E+0000  1.00000000000000E+0000  8.00000011920929E-0001  6.00000023841858E-0001  1.00000000000000E+0000  1.16721667349339E-0001  0.00000000000000E+0000  0.00000000000000E+0000  5.83608341217041E+0000  0.00000000000000E+0000
 5.00000000000000E+0001  8.85500013828278E-0001  4.64700013399124E-0001  0.00000000000000E+0000  0.00000000000000E+0000  0.00000000000000E+0000  0.00000000000000E+0000  0.00000000000000E+0000  0.00000000000000E+0000  0.00000000000000E+0000  0.00000000000000E+0000  0.00000000000000E+0000
 5.00000000000000E+0001  6.66700005531311E-0001  3.33299994468689E-0001  0.00000000000000E+0000  0.00000000000000E+0000  0.00000000000000E+0000  0.00000000000000E+0000  0.00000000000000E+0000  0.00000000000000E+0000  0.00000000000000E+0000  0.00000000000000E+0000  0.00000000000000E+0000
 5.00000000000000E+0001  8.85500013828278E-0001  4.64700013399124E-0001  1.00000000000000E+0000  8.00000011920929E-0001  6.00000023841858E-0001  1.00000000000000E+0000  1.42812374979258E-0002  0.00000000000000E+0000  0.00000000000000E+0000  7.14061856269836E-0001  0.00000000000000E+0000
 5.00000000000000E+0001  5.68099975585938E-0001  8.23000013828278E-0001  0.00000000000000E+0000  0.00000000000000E+0000  0.00000000000000E+0000  0.00000000000000E+0000  0.00000000000000E+0000  0.00000000000000E+0000  0.00000000000000E+0000  0.00000000000000E+0000  0.00000000000000E+0000
 5.00000000000000E+0001  6.66700005531311E-0001  6.66700005531311E-0001  0.00000000000000E+0000  0.00000000000000E+0000  0.00000000000000E+0000  0.00000000000000E+0000  0.00000000000000E+0000  0.00000000000000E+0000  0.00000000000000E+0000  0.00000000000000E+0000  0.00000000000000E+0000
 5.00000000000000E+0001  5.68099975585938E-0001  8.23000013828278E-0001  1.00000000000000E+0000  8.00000011920929E-0001  6.00000023841858E-0001  1.00000000000000E+0000  1.09805427491665E-0001  0.00000000000000E+0000  0.00000000000000E+0000  5.49027156829834E+0000  0.00000000000000E+0000
 5.00000000000000E+0001  1.20499998331070E-0001  9.92699980735779E-0001  0.00000000000000E+0000  0.00000000000000E+0000  0.00000000000000E+0000  0.00000000000000E+0000  0.00000000000000E+0000  0.00000000000000E+0000  0.00000000000000E+0000  0.00000000000000E+0000  0.00000000000000E+0000
 5.00000000000000E+0001  3.33299994468689E-0001  6.66700005531311E-0001  0.00000000000000E+0000  0.00000000000000E+0000  0.00000000000000E+0000  0.00000000000000E+0000  0.00000000000000E+0000  0.00000000000000E+0000  0.00000000000000E+0000  0.00000000000000E+0000  0.00000000000000E+0000
 5.00000000000000E+0001  1.20499998331070E-0001  9.92699980735779E-0001  1.00000000000000E+0000  8.00000011920929E-0001  6.00000023841858E-0001  1.00000000000000E+0000  1.47929742932320E-0001  0.00000000000000E+0000  0.00000000000000E+0000  7.39648723602295E+0000  0.00000000000000E+0000
 5.00000000000000E+0001 -3.54600012302399E-0001  9.35000002384186E-0001  0.00000000000000E+0000  0.00000000000000E+0000  0.00000000000000E+0000  0.00000000000000E+0000  0.00000000000000E+0000  0.00000000000000E+0000  0.00000000000000E+0000  0.00000000000000E+0000  0.00000000000000E+0000
 5.00000000000000E+0001  0.00000000000000E+0000  6.66700005531311E-0001  0.00000000000000E+0000  0.00000000000000E+0000  0.00000000000000E+0000  0.00000000000000E+0000  0.00000000000000E+0000  0.00000000000000E+0000  0.00000000000000E+0000  0.00000000000000E+0000  0.00000000000000E+0000
 5.00000000000000E+0001 -3.54600012302399E-0001  9.35000002384186E-0001  1.00000000000000E+0000  8.00000011920929E-0001  6.00000023841858E-0001  1.00000000000000E+0000  2.08233743906021E-0002  0.00000000000000E+0000  0.00000000000000E+0000  1.04116868972778E+0000  0.00000000000000E+0000
 5.00000000000000E+0001 -7.48499989509583E-0001  6.63100004196167E-0001  0.00000000000000E+0000  0.00000000000000E+0000  0.00000000000000E+0000  0.00000000000000E+0000  0.00000000000000E+0000  0.00000000000000E+0000  0.00000000000000E+0000  0.00000000000000E+0000  0.00000000000000E+0000
 5.00000000000000E+0001 -6.66700005531311E-0001  6.66700005531311E-0001  0.00000000000000E+0000  0.00000000000000E+0000  0.00000000000000E+0000  0.00000000000000E+0000  0.00000000000000E+0000  0.00000000000000E+0000  0.00000000000000E+0000  0.00000000000000E+0000  0.00000000000000E+0000
 5.00000000000000E+0001 -7.48499989509583E-0001  6.63100004196167E-0001  1.00000000000000E+0000  8.00000011920929E-0001  6.00000023841858E-0001  1.00000000000000E+0000  1.08014360070229E-0001  0.00000000000000E+0000  0.00000000000000E+0000  5.40071821212769E+0000  0.00000000000000E+0000
 5.00000000000000E+0001 -9.70899999141693E-0001  2.39299997687340E-0001  0.00000000000000E+0000  0.00000000000000E+0000  0.00000000000000E+0000  0.00000000000000E+0000  0.00000000000000E+0000  0.00000000000000E+0000  0.00000000000000E+0000  0.00000000000000E+0000  0.00000000000000E+0000
 5.00000000000000E+0001 -6.66700005531311E-0001  3.33299994468689E-0001  0.00000000000000E+0000  0.00000000000000E+0000  0.00000000000000E+0000  0.00000000000000E+0000  0.00000000000000E+0000  0.00000000000000E+0000  0.00000000000000E+0000  0.00000000000000E+0000  0.00000000000000E+0000
 5.00000000000000E+0001 -9.70899999141693E-0001  2.39299997687340E-0001  1.00000000000000E+0000  8.00000011920929E-0001  6.00000023841858E-0001  1.00000000000000E+0000  1.45590111613274E-0001  0.00000000000000E+0000  0.00000000000000E+0000  7.27950572967529E+0000  0.00000000000000E+0000
 5.00000000000000E+0001 -9.70899999141693E-0001 -2.39299997687340E-0001  0.00000000000000E+0000  0.00000000000000E+0000  0.00000000000000E+0000  0.00000000000000E+0000  0.00000000000000E+0000  0.00000000000000E+0000  0.00000000000000E+0000  0.00000000000000E+0000  0.00000000000000E+0000
 5.00000000000000E+0001 -6.66700005531311E-0001  0.00000000000000E+0000  0.00000000000000E+0000  0.00000000000000E+0000  0.00000000000000E+0000  0.00000000000000E+0000  0.00000000000000E+0000  0.00000000000000E+0000  0.00000000000000E+0000  0.00000000000000E+0000  0.00000000000000E+0000
 5.00000000000000E+0001 -9.70899999141693E-0001 -2.39299997687340E-0001  1.00000000000000E+0000  8.00000011920929E-0001  6.00000023841858E-0001  1.00000000000000E+0000  1.08014360070229E-0001  0.00000000000000E+0000  0.00000000000000E+0000  5.40071821212769E+0000  0.00000000000000E+0000
 5.00000000000000E+0001 -7.48499989509583E-0001 -6.63100004196167E-0001  0.00000000000000E+0000  0.00000000000000E+0000  0.00000000000000E+0000  0.00000000000000E+0000  0.00000000000000E+0000  0.00000000000000E+0000  0.00000000000000E+0000  0.00000000000000E+0000  0.00000000000000E+0000
 5.00000000000000E+0001 -6.66700005531311E-0001 -3.33299994468689E-0001  0.00000000000000E+0000  0.00000000000000E+0000  0.00000000000000E+0000  0.00000000000000E+0000  0.00000000000000E+0000  0.00000000000000E+0000  0.00000000000000E+0000  0.00000000000000E+0000  0.00000000000000E+0000
 5.00000000000000E+0001 -7.48499989509583E-0001 -6.63100004196167E-0001  1.00000000000000E+0000  8.00000011920929E-0001  6.00000023841858E-0001  1.00000000000000E+0000  2.08233743906021E-0002  0.00000000000000E+0000  0.00000000000000E+0000  1.04116868972778E+0000  0.00000000000000E+0000
 5.00000000000000E+0001 -3.54600012302399E-0001 -9.35000002384186E-0001  0.00000000000000E+0000  0.00000000000000E+0000  0.00000000000000E+0000  0.00000000000000E+0000  0.00000000000000E+0000  0.00000000000000E+0000  0.00000000000000E+0000  0.00000000000000E+0000  0.00000000000000E+0000
 5.00000000000000E+0001 -6.66700005531311E-0001 -6.66700005531311E-0001  0.00000000000000E+0000  0.00000000000000E+0000  0.00000000000000E+0000  0.00000000000000E+0000  0.00000000000000E+0000  0.00000000000000E+0000  0.00000000000000E+0000  0.00000000000000E+0000  0.00000000000000E+0000
 5.00000000000000E+0001 -3.54600012302399E-0001 -9.35000002384186E-0001  1.00000000000000E+0000  8.00000011920929E-0001  6.00000023841858E-0001  1.00000000000000E+0000  1.47929742932320E-0001  0.00000000000000E+0000  0.00000000000000E+0000  7.39648723602295E+0000  0.00000000000000E+0000
 5.00000000000000E+0001  1.20499998331070E-0001 -9.92699980735779E-0001  0.00000000000000E+0000  0.00000000000000E+0000  0.00000000000000E+0000  0.00000000000000E+0000  0.00000000000000E+0000  0.00000000000000E+0000  0.00000000000000E+0000  0.00000000000000E+0000  0.00000000000000E+0000
 5.00000000000000E+0001  0.00000000000000E+0000 -6.66700005531311E-0001  0.00000000000000E+0000  0.00000000000000E+0000  0.00000000000000E+0000  0.00000000000000E+0000  0.00000000000000E+0000  0.00000000000000E+0000  0.00000000000000E+0000  0.00000000000000E+0000  0.00000000000000E+0000
 5.00000000000000E+0001  1.20499998331070E-0001 -9.92699980735779E-0001  1.00000000000000E+0000  8.00000011920929E-0001  6.00000023841858E-0001  1.00000000000000E+0000  1.09805427491665E-0001  0.00000000000000E+0000  0.00000000000000E+0000  5.49027156829834E+0000  0.00000000000000E+0000
 5.00000000000000E+0001  5.68099975585938E-0001 -8.23000013828278E-0001  0.00000000000000E+0000  0.00000000000000E+0000  0.00000000000000E+0000  0.00000000000000E+0000  0.00000000000000E+0000  0.00000000000000E+0000  0.00000000000000E+0000  0.00000000000000E+0000  0.00000000000000E+0000
 5.00000000000000E+0001  3.33299994468689E-0001 -6.66700005531311E-0001  0.00000000000000E+0000  0.00000000000000E+0000  0.00000000000000E+0000  0.00000000000000E+0000  0.00000000000000E+0000  0.00000000000000E+0000  0.00000000000000E+0000  0.00000000000000E+0000  0.00000000000000E+0000
 5.00000000000000E+0001  5.68099975585938E-0001 -8.23000013828278E-0001  1.00000000000000E+0000  8.00000011920929E-0001  6.00000023841858E-0001  1.00000000000000E+0000  1.42812374979258E-0002  0.00000000000000E+0000  0.00000000000000E+0000  7.14061856269836E-0001  0.00000000000000E+0000
 5.00000000000000E+0001  8.85500013828278E-0001 -4.64700013399124E-0001  0.00000000000000E+0000  0.00000000000000E+0000  0.00000000000000E+0000  0.00000000000000E+0000  0.00000000000000E+0000  0.00000000000000E+0000  0.00000000000000E+0000  0.00000000000000E+0000  0.00000000000000E+0000
 5.00000000000000E+0001  6.66700005531311E-0001 -6.66700005531311E-0001  0.00000000000000E+0000  0.00000000000000E+0000  0.00000000000000E+0000  0.00000000000000E+0000  0.00000000000000E+0000  0.00000000000000E+0000  0.00000000000000E+0000  0.00000000000000E+0000  0.00000000000000E+0000
 5.00000000000000E+0001 -3.33299994468689E-0001 -6.66700005531311E-0001  1.00000000000000E+0000  8.00000011920929E-0001  6.00000023841858E-0001  1.00000000000000E+0000  8.94512236118317E-0002  0.00000000000000E+0000  0.00000000000000E+0000  4.47256135940552E+0000  0.00000000000000E+0000
 5.00000000000000E+0001 -6.66700005531311E-0001 -6.66700005531311E-0001  0.00000000000000E+0000  0.00000000000000E+0000  0.00000000000000E+0000  0.00000000000000E+0000  0.00000000000000E+0000  0.00000000000000E+0000  0.00000000000000E+0000  0.00000000000000E+0000  0.00000000000000E+0000
 5.00000000000000E+0001 -3.54600012302399E-0001 -9.35000002384186E-0001  0.00000000000000E+0000  0.00000000000000E+0000  0.00000000000000E+0000  0.00000000000000E+0000  0.00000000000000E+0000  0.00000000000000E+0000  0.00000000000000E+0000  0.00000000000000E+0000  0.00000000000000E+0000
 5.00000000000000E+0001  3.33299994468689E-0001 -6.66700005531311E-0001  1.00000000000000E+0000  8.00000011920929E-0001  6.00000023841858E-0001  1.00000000000000E+0000  1.08655788004398E-0001  0.00000000000000E+0000  0.00000000000000E+0000  5.43278932571411E+0000  0.00000000000000E+0000
 5.00000000000000E+0001  0.00000000000000E+0000 -6.66700005531311E-0001  0.00000000000000E+0000  0.00000000000000E+0000  0.00000000000000E+0000  0.00000000000000E+0000  0.00000000000000E+0000  0.00000000000000E+0000  0.00000000000000E+0000  0.00000000000000E+0000  0.00000000000000E+0000
 5.00000000000000E+0001  1.20499998331070E-0001 -9.92699980735779E-0001  0.00000000000000E+0000  0.00000000000000E+0000  0.00000000000000E+0000  0.00000000000000E+0000  0.00000000000000E+0000  0.00000000000000E+0000  0.00000000000000E+0000  0.00000000000000E+0000  0.00000000000000E+0000
 5.00000000000000E+0001  6.66700005531311E-0001 -6.66700005531311E-0001  1.00000000000000E+0000  8.00000011920929E-0001  6.00000023841858E-0001  1.00000000000000E+0000  5.21104261279106E-0002  0.00000000000000E+0000  0.00000000000000E+0000  2.60552120208740E+0000  0.00000000000000E+0000
 5.00000000000000E+0001  3.33299994468689E-0001 -6.66700005531311E-0001  0.00000000000000E+0000  0.00000000000000E+0000  0.00000000000000E+0000  0.00000000000000E+0000  0.00000000000000E+0000  0.00000000000000E+0000  0.00000000000000E+0000  0.00000000000000E+0000  0.00000000000000E+0000
 5.00000000000000E+0001  5.68099975585938E-0001 -8.23000013828278E-0001  0.00000000000000E+0000  0.00000000000000E+0000  0.00000000000000E+0000  0.00000000000000E+0000  0.00000000000000E+0000  0.00000000000000E+0000  0.00000000000000E+0000  0.00000000000000E+0000  0.00000000000000E+0000
 5.00000000000000E+0001 -6.66700005531311E-0001 -6.66700005531311E-0001  1.00000000000000E+0000  8.00000011920929E-0001  6.00000023841858E-0001  1.00000000000000E+0000  2.72721163928509E-0002  0.00000000000000E+0000  0.00000000000000E+0000  1.36360585689545E+0000  0.00000000000000E+0000
 5.00000000000000E+0001 -6.66700005531311E-0001 -3.33299994468689E-0001  0.00000000000000E+0000  0.00000000000000E+0000  0.00000000000000E+0000  0.00000000000000E+0000  0.00000000000000E+0000  0.00000000000000E+0000  0.00000000000000E+0000  0.00000000000000E+0000  0.00000000000000E+0000
 5.00000000000000E+0001 -7.48499989509583E-0001 -6.63100004196167E-0001  0.00000000000000E+0000  0.00000000000000E+0000  0.00000000000000E+0000  0.00000000000000E+0000  0.00000000000000E+0000  0.00000000000000E+0000  0.00000000000000E+0000  0.00000000000000E+0000  0.00000000000000E+0000
 5.00000000000000E+0001  6.66700005531311E-0001 -3.33299994468689E-0001  1.00000000000000E+0000  8.00000011920929E-0001  6.00000023841858E-0001  1.00000000000000E+0000  7.29479268193245E-0002  0.00000000000000E+0000  0.00000000000000E+0000  3.64739632606506E+0000  0.00000000000000E+0000
 5.00000000000000E+0001  6.66700005531311E-0001 -6.66700005531311E-0001  0.00000000000000E+0000  0.00000000000000E+0000  0.00000000000000E+0000  0.00000000000000E+0000  0.00000000000000E+0000  0.00000000000000E+0000  0.00000000000000E+0000  0.00000000000000E+0000  0.00000000000000E+0000
 5.00000000000000E+0001  8.85500013828278E-0001 -4.64700013399124E-0001  0.00000000000000E+0000  0.00000000000000E+0000  0.00000000000000E+0000  0.00000000000000E+0000  0.00000000000000E+0000  0.00000000000000E+0000  0.00000000000000E+0000  0.00000000000000E+0000  0.00000000000000E+0000
 5.00000000000000E+0001 -6.66700005531311E-0001 -3.33299994468689E-0001  1.00000000000000E+0000  8.00000011920929E-0001  6.00000023841858E-0001  1.00000000000000E+0000  1.01389855146408E-0001  0.00000000000000E+0000  0.00000000000000E+0000  5.06949281692505E+0000  0.00000000000000E+0000
 5.00000000000000E+0001 -6.66700005531311E-0001  0.00000000000000E+0000  0.00000000000000E+0000  0.00000000000000E+0000  0.00000000000000E+0000  0.00000000000000E+0000  0.00000000000000E+0000  0.00000000000000E+0000  0.00000000000000E+0000  0.00000000000000E+0000  0.00000000000000E+0000
 5.00000000000000E+0001 -9.70899999141693E-0001 -2.39299997687340E-0001  0.00000000000000E+0000  0.00000000000000E+0000  0.00000000000000E+0000  0.00000000000000E+0000  0.00000000000000E+0000  0.00000000000000E+0000  0.00000000000000E+0000  0.00000000000000E+0000  0.00000000000000E+0000
 5.00000000000000E+0001  6.66700005531311E-0001  0.00000000000000E+0000  1.00000000000000E+0000  8.00000011920929E-0001  6.00000023841858E-0001  1.00000000000000E+0000  1.11088886857033E-0001  0.00000000000000E+0000  0.00000000000000E+0000  5.55444431304932E+0000  0.00000000000000E+0000
 5.00000000000000E+0001  6.66700005531311E-0001 -3.33299994468689E-0001  0.00000000000000E+0000  0.00000000000000E+0000  0.00000000000000E+0000  0.00000000000000E+0000  0.00000000000000E+0000  0.00000000000000E+0000  0.00000000000000E+0000  0.00000000000000E+0000  0.00000000000000E+0000
 5.00000000000000E+0001  1.00000000000000E+0000  0.00000000000000E+0000  0.00000000000000E+0000  0.00000000000000E+0000  0.00000000000000E+0000  0.00000000000000E+0000  0.00000000000000E+0000  0.00000000000000E+0000  0.00000000000000E+0000  0.00000000000000E+0000  0.00000000000000E+0000
 5.00000000000000E+0001 -6.66700005531311E-0001  0.00000000000000E+0000  1.00000000000000E+0000  8.00000011920929E-0001  6.00000023841858E-0001  1.00000000000000E+0000  1.01389855146408E-0001  0.00000000000000E+0000  0.00000000000000E+0000  5.06949281692505E+0000  0.00000000000000E+0000
 5.00000000000000E+0001 -6.66700005531311E-0001  3.33299994468689E-0001  0.00000000000000E+0000  0.00000000000000E+0000  0.00000000000000E+0000  0.00000000000000E+0000  0.00000000000000E+0000  0.00000000000000E+0000  0.00000000000000E+0000  0.00000000000000E+0000  0.00000000000000E+0000
 5.00000000000000E+0001 -9.70899999141693E-0001  2.39299997687340E-0001  0.00000000000000E+0000  0.00000000000000E+0000  0.00000000000000E+0000  0.00000000000000E+0000  0.00000000000000E+0000  0.00000000000000E+0000  0.00000000000000E+0000  0.00000000000000E+0000  0.00000000000000E+0000
 5.00000000000000E+0001  6.66700005531311E-0001  3.33299994468689E-0001  1.00000000000000E+0000  8.00000011920929E-0001  6.00000023841858E-0001  1.00000000000000E+0000  1.11088886857033E-0001  0.00000000000000E+0000  0.00000000000000E+0000  5.55444431304932E+0000  0.00000000000000E+0000
 5.00000000000000E+0001  6.66700005531311E-0001  0.00000000000000E+0000  0.00000000000000E+0000  0.00000000000000E+0000  0.00000000000000E+0000  0.00000000000000E+0000  0.00000000000000E+0000  0.00000000000000E+0000  0.00000000000000E+0000  0.00000000000000E+0000  0.00000000000000E+0000
 5.00000000000000E+0001  1.00000000000000E+0000  0.00000000000000E+0000  0.00000000000000E+0000  0.00000000000000E+0000  0.00000000000000E+0000  0.00000000000000E+0000  0.00000000000000E+0000  0.00000000000000E+0000  0.00000000000000E+0000  0.00000000000000E+0000  0.00000000000000E+0000
 5.00000000000000E+0001 -6.66700005531311E-0001  3.33299994468689E-0001  1.00000000000000E+0000  8.00000011920929E-0001  6.00000023841858E-0001  1.00000000000000E+0000  2.72721163928509E-0002  0.00000000000000E+0000  0.00000000000000E+0000  1.36360585689545E+0000  0.00000000000000E+0000
 5.00000000000000E+0001 -6.66700005531311E-0001  6.66700005531311E-0001  0.00000000000000E+0000  0.00000000000000E+0000  0.00000000000000E+0000  0.00000000000000E+0000  0.00000000000000E+0000  0.00000000000000E+0000  0.00000000000000E+0000  0.00000000000000E+0000  0.00000000000000E+0000
 5.00000000000000E+0001 -7.48499989509583E-0001  6.63100004196167E-0001  0.00000000000000E+0000  0.00000000000000E+0000  0.00000000000000E+0000  0.00000000000000E+0000  0.00000000000000E+0000  0.00000000000000E+0000  0.00000000000000E+0000  0.00000000000000E+0000  0.00000000000000E+0000
 5.00000000000000E+0001  6.66700005531311E-0001  6.66700005531311E-0001  1.00000000000000E+0000  8.00000011920929E-0001  6.00000023841858E-0001  1.00000000000000E+0000  7.29479268193245E-0002  0.00000000000000E+0000  0.00000000000000E+0000  3.64739632606506E+0000  0.00000000000000E+0000
 5.00000000000000E+0001  6.66700005531311E-0001  3.33299994468689E-0001  0.00000000000000E+0000  0.00000000000000E+0000  0.00000000000000E+0000  0.00000000000000E+0000  0.00000000000000E+0000  0.00000000000000E+0000  0.00000000000000E+0000  0.00000000000000E+0000  0.00000000000000E+0000
 5.00000000000000E+0001  8.85500013828278E-0001  4.64700013399124E-0001  0.00000000000000E+0000  0.00000000000000E+0000  0.00000000000000E+0000  0.00000000000000E+0000  0.00000000000000E+0000  0.00000000000000E+0000  0.00000000000000E+0000  0.00000000000000E+0000  0.00000000000000E+0000
 5.00000000000000E+0001 -6.66700005531311E-0001  6.66700005531311E-0001  1.00000000000000E+0000  8.00000011920929E-0001  6.00000023841858E-0001  1.00000000000000E+0000  8.94512236118317E-0002  0.00000000000000E+0000  0.00000000000000E+0000  4.47256135940552E+0000  0.00000000000000E+0000
 5.00000000000000E+0001 -3.33299994468689E-0001  6.66700005531311E-0001  0.00000000000000E+0000  0.00000000000000E+0000  0.00000000000000E+0000  0.00000000000000E+0000  0.00000000000000E+0000  0.00000000000000E+0000  0.00000000000000E+0000  0.00000000000000E+0000  0.00000000000000E+0000
 5.00000000000000E+0001 -3.54600012302399E-0001  9.35000002384186E-0001  0.00000000000000E+0000  0.00000000000000E+0000  0.00000000000000E+0000  0.00000000000000E+0000  0.00000000000000E+0000  0.00000000000000E+0000  0.00000000000000E+0000  0.00000000000000E+0000  0.00000000000000E+0000
 5.00000000000000E+0001  0.00000000000000E+0000  6.66700005531311E-0001  1.00000000000000E+0000  8.00000011920929E-0001  6.00000023841858E-0001  1.00000000000000E+0000  1.08655788004398E-0001  0.00000000000000E+0000  0.00000000000000E+0000  5.43278932571411E+0000  0.00000000000000E+0000
 5.00000000000000E+0001  3.33299994468689E-0001  6.66700005531311E-0001  0.00000000000000E+0000  0.00000000000000E+0000  0.00000000000000E+0000  0.00000000000000E+0000  0.00000000000000E+0000  0.00000000000000E+0000  0.00000000000000E+0000  0.00000000000000E+0000  0.00000000000000E+0000
 5.00000000000000E+0001  1.20499998331070E-0001  9.92699980735779E-0001  0.00000000000000E+0000  0.00000000000000E+0000  0.00000000000000E+0000  0.00000000000000E+0000  0.00000000000000E+0000  0.00000000000000E+0000  0.00000000000000E+0000  0.00000000000000E+0000  0.00000000000000E+0000
 5.00000000000000E+0001  3.33299994468689E-0001  6.66700005531311E-0001  1.00000000000000E+0000  8.00000011920929E-0001  6.00000023841858E-0001  1.00000000000000E+0000  5.21104261279106E-0002  0.00000000000000E+0000  0.00000000000000E+0000  2.60552120208740E+0000  0.00000000000000E+0000
 5.00000000000000E+0001  6.66700005531311E-0001  6.66700005531311E-0001  0.00000000000000E+0000  0.00000000000000E+0000  0.00000000000000E+0000  0.00000000000000E+0000  0.00000000000000E+0000  0.00000000000000E+0000  0.00000000000000E+0000  0.00000000000000E+0000  0.00000000000000E+0000
 5.00000000000000E+0001  5.68099975585938E-0001  8.23000013828278E-0001  0.00000000000000E+0000  0.00000000000000E+0000  0.00000000000000E+0000  0.00000000000000E+0000  0.00000000000000E+0000  0.00000000000000E+0000  0.00000000000000E+0000  0.00000000000000E+0000  0.00000000000000E+0000
 5.00000000000000E+0001  0.00000000000000E+0000  6.66700005531311E-0001  1.00000000000000E+0000  8.00000011920929E-0001  6.00000023841858E-0001  1.00000000000000E+0000  8.94243866205215E-0002  0.00000000000000E+0000  0.00000000000000E+0000  4.47121953964233E+0000  0.00000000000000E+0000
 5.00000000000000E+0001 -3.54600012302399E-0001  9.35000002384186E-0001  0.00000000000000E+0000  0.00000000000000E+0000  0.00000000000000E+0000  0.00000000000000E+0000  0.00000000000000E+0000  0.00000000000000E+0000  0.00000000000000E+0000  0.00000000000000E+0000  0.00000000000000E+0000
 5.00000000000000E+0001 -3.33299994468689E-0001  6.66700005531311E-0001  0.00000000000000E+0000  0.00000000000000E+0000  0.00000000000000E+0000  0.00000000000000E+0000  0.00000000000000E+0000  0.00000000000000E+0000  0.00000000000000E+0000  0.00000000000000E+0000  0.00000000000000E+0000
 5.00000000000000E+0001 -3.54600012302399E-0001 -9.35000002384186E-0001  1.00000000000000E+0000  8.00000011920929E-0001  6.00000023841858E-0001  1.00000000000000E+0000  8.94243866205215E-0002  0.00000000000000E+0000  0.00000000000000E+0000  4.47121953964233E+0000  0.00000000000000E+0000
 5.00000000000000E+0001  0.00000000000000E+0000 -6.66700005531311E-0001  0.00000000000000E+0000  0.00000000000000E+0000  0.00000000000000E+0000  0.00000000000000E+0000  0.00000000000000E+0000  0.00000000000000E+0000  0.00000000000000E+0000  0.00000000000000E+0000  0.00000000000000E+0000
 5.00000000000000E+0001 -3.33299994468689E-0001 -6.66700005531311E-0001  0.00000000000000E+0000  0.00000000000000E+0000  0.00000000000000E+0000  0.00000000000000E+0000  0.00000000000000E+0000  0.00000000000000E+0000  0.00000000000000E+0000  0.00000000000000E+0000  0.00000000000000E+0000
-2.50000000000000E+0000  5.00000000000000E+0000 -5.00000000000000E+0000  2.00000000000000E+0000  8.00000011920929E-0001  6.00000023841858E-0001  1.00000000000000E+0000  0.00000000000000E+0000  0.00000000000000E+0000 -1.66665000915527E+0001  8.33325042724609E+0001  0.00000000000000E+0000
 2.50000000000000E+0000  5.00000000000000E+0000 -5.00000000000000E+0000  0.00000000000000E+0000  0.00000000000000E+0000  0.00000000000000E+0000  0.00000000000000E+0000  0.00000000000000E+0000  0.00000000000000E+0000  0.00000000000000E+0000  0.00000000000000E+0000  0.00000000000000E+0000
 0.00000000000000E+0000  1.66670000553131E+0000 -5.00000000000000E+0000  0.00000000000000E+0000  0.00000000000000E+0000  0.00000000000000E+0000  0.00000000000000E+0000  0.00000000000000E+0000  0.00000000000000E+0000  0.00000000000000E+0000  0.00000000000000E+0000  0.00000000000000E+0000
 2.50000000000000E+0000  5.00000000000000E+0000 -5.00000000000000E+0000  2.00000000000000E+0000  8.00000011920929E-0001  6.00000023841858E-0001  1.00000000000000E+0000  0.00000000000000E+0000  0.00000000000000E+0000 -1.25000000000000E+0001  6.25000000000000E+0001  0.00000000000000E+0000
 2.50000000000000E+0000  0.00000000000000E+0000 -5.00000000000000E+0000  0.00000000000000E+0000  0.00000000000000E+0000  0.00000000000000E+0000  0.00000000000000E+0000  0.00000000000000E+0000  0.00000000000000E+0000  0.00000000000000E+0000  0.00000000000000E+0000  0.00000000000000E+0000
 0.00000000000000E+0000  1.66670000553131E+0000 -5.00000000000000E+0000  0.00000000000000E+0000  0.00000000000000E+0000  0.00000000000000E+0000  0.00000000000000E+0000  0.00000000000000E+0000  0.00000000000000E+0000  0.00000000000000E+0000  0.00000000000000E+0000  0.00000000000000E+0000
 2.50000000000000E+0000  0.00000000000000E+0000 -5.00000000000000E+0000  2.00000000000000E+0000  8.00000011920929E-0001  6.00000023841858E-0001  1.00000000000000E+0000  0.00000000000000E+0000  0.00000000000000E+0000 -1.25000000000000E+0001  6.25000000000000E+0001  0.00000000000000E+0000
 2.50000000000000E+0000 -5.00000000000000E+0000 -5.00000000000000E+0000  0.00000000000000E+0000  0.00000000000000E+0000  0.00000000000000E+0000  0.00000000000000E+0000  0.00000000000000E+0000  0.00000000000000E+0000  0.00000000000000E+0000  0.00000000000000E+0000  0.00000000000000E+0000
 0.00000000000000E+0000 -1.66670000553131E+0000 -5.00000000000000E+0000  0.00000000000000E+0000  0.00000000000000E+0000  0.00000000000000E+0000  0.00000000000000E+0000  0.00000000000000E+0000  0.00000000000000E+0000  0.00000000000000E+0000  0.00000000000000E+0000  0.00000000000000E+0000
 2.50000000000000E+0000 -5.00000000000000E+0000 -5.00000000000000E+0000  2.00000000000000E+0000  8.00000011920929E-0001  6.00000023841858E-0001  1.00000000000000E+0000  0.00000000000000E+0000  0.00000000000000E+0000 -1.66665000915527E+0001  8.33325042724609E+0001  0.00000000000000E+0000
-2.50000000000000E+0000 -5.00000000000000E+0000 -5.00000000000000E+0000  0.00000000000000E+0000  0.00000000000000E+0000  0.00000000000000E+0000  0.00000000000000E+0000  0.00000000000000E+0000  0.00000000000000E+0000  0.00000000000000E+0000  0.00000000000000E+0000  0.00000000000000E+0000
 0.00000000000000E+0000 -1.66670000553131E+0000 -5.00000000000000E+0000  0.00000000000000E+0000  0.00000000000000E+0000  0.00000000000000E+0000  0.00000000000000E+0000  0.00000000000000E+0000  0.00000000000000E+0000  0.00000000000000E+0000  0.00000000000000E+0000  0.00000000000000E+0000
-2.50000000000000E+0000 -5.00000000000000E+0000 -5.00000000000000E+0000  2.00000000000000E+0000  8.00000011920929E-0001  6.00000023841858E-0001  1.00000000000000E+0000  0.00000000000000E+0000  0.00000000000000E+0000 -1.25000000000000E+0001  6.25000000000000E+0001  0.00000000000000E+0000
-2.50000000000000E+0000  0.00000000000000E+0000 -5.00000000000000E+0000  0.00000000000000E+0000  0.00000000000000E+0000  0.00000000000000E+0000  0.00000000000000E+0000  0.00000000000000E+0000  0.00000000000000E+0000  0.00000000000000E+0000  0.00000000000000E+0000  0.00000000000000E+0000
 0.00000000000000E+0000 -1.66670000553131E+0000 -5.00000000000000E+0000  0.00000000000000E+0000  0.00000000000000E+0000  0.00000000000000E+0000  0.00000000000000E+0000  0.00000000000000E+0000  0.00000000000000E+0000  0.00000000000000E+0000  0.00000000000000E+0000  0.00000000000000E+0000
-2.50000000000000E+0000  0.00000000000000E+0000 -5.00000000000000E+0000  2.00000000000000E+0000  8.00000011920929E-0001  6.00000023841858E-0001  1.00000000000000E+0000  0.00000000000000E+0000  0.00000000000000E+0000 -1.25000000000000E+0001  6.25000000000000E+0001  0.00000000000000E+0000
-2.50000000000000E+0000  5.00000000000000E+0000 -5.00000000000000E+0000  0.00000000000000E+0000  0.00000000000000E+0000  0.00000000000000E+0000  0.00000000000000E+0000  0.00000000000000E+0000  0.00000000000000E+0000  0.00000000000000E+0000  0.00000000000000E+0000  0.00000000000000E+0000
 0.00000000000000E+0000  1.66670000553131E+0000 -5.00000000000000E+0000  0.00000000000000E+0000  0.00000000000000E+0000  0.00000000000000E+0000  0.00000000000000E+0000  0.00000000000000E+0000  0.00000000000000E+0000  0.00000000000000E+0000  0.00000000000000E+0000  0.00000000000000E+0000
 0.00000000000000E+0000  1.66670000553131E+0000 -5.00000000000000E+0000  2.00000000000000E+0000  8.00000011920929E-0001  6.00000023841858E-0001  1.00000000000000E+0000  0.00000000000000E+0000  0.00000000000000E+0000 -8.33349990844727E+0000  4.16674995422363E+0001  0.00000000000000E+0000
 0.00000000000000E+0000 -1.66670000553131E+0000 -5.00000000000000E+0000  0.00000000000000E+0000  0.00000000000000E+0000  0.00000000000000E+0000  0.00000000000000E+0000  0.00000000000000E+0000  0.00000000000000E+0000  0.00000000000000E+0000  0.00000000000000E+0000  0.00000000000000E+0000
-2.50000000000000E+0000  0.00000000000000E+0000 -5.00000000000000E+0000  0.00000000000000E+0000  0.00000000000000E+0000  0.00000000000000E+0000  0.00000000000000E+0000  0.00000000000000E+0000  0.00000000000000E+0000  0.00000000000000E+0000  0.00000000000000E+0000  0.00000000000000E+0000
