-10 0 0 0 0 0 0 0 0 0 0 0
24 1 0 0 0 0 0 0 0 0 0 0
-20 0 0 0 0 0 0 0 0 0 0 0
-2.50000000000000E+0000  5.00000000000000E+0000 -5.00000000000000E+0000  2.00000000000000E+0000  8.00000011920929E-0001  6.00000023841858E-0001  1.00000000000000E+0000  0.00000000000000E+0000  0.00000000000000E+0000 -1.66665000915527E+0001  8.33325042724609E+0001 0
 2.50000000000000E+0000  5.00000000000000E+0000 -5.00000000000000E+0000  0.00000000000000E+0000  0.00000000000000E+0000  0.00000000000000E+0000  0.00000000000000E+0000  0.00000000000000E+0000  0.00000000000000E+0000  0.00000000000000E+0000  0.00000000000000E+0000 0
 0.00000000000000E+0000  1.66670000553131E+0000 -5.00000000000000E+0000  0.00000000000000E+0000  0.00000000000000E+0000  0.00000000000000E+0000  0.00000000000000E+0000  0.00000000000000E+0000  0.00000000000000E+0000  0.00000000000000E+0000  0.00000000000000E+0000 0
 2.50000000000000E+0000  5.00000000000000E+0000 -5.00000000000000E+0000  2.00000000000000E+0000  8.00000011920929E-0001  6.00000023841858E-0001  1.00000000000000E+0000  0.00000000000000E+0000  0.00000000000000E+0000 -1.25000000000000E+0001  6.25000000000000E+0001 0
 2.50000000000000E+0000  0.00000000000000E+0000 -5.00000000000000E+0000  0.00000000000000E+0000  0.00000000000000E+0000  0.00000000000000E+0000  0.00000000000000E+0000  0.00000000000000E+0000  0.00000000000000E+0000  0.00000000000000E+0000  0.00000000000000E+0000 0
 0.00000000000000E+0000  1.66670000553131E+0000 -5.00000000000000E+0000  0.00000000000000E+0000  0.00000000000000E+0000  0.00000000000000E+0000  0.00000000000000E+0000  0.00000000000000E+0000  0.00000000000000E+0000  0.00000000000000E+0000  0.00000000000000E+0000 0
 2.50000000000000E+0000  0.00000000000000E+0000 -5.00000000000000E+0000  2.00000000000000E+0000  8.00000011920929E-0001  6.00000023841858E-0001  1.00000000000000E+0000  0.00000000000000E+0000  0.00000000000000E+0000 -1.25000000000000E+0001  6.25000000000000E+0001 0
 2.50000000000000E+0000 -5.00000000000000E+0000 -5.00000000000000E+0000  0.00000000000000E+0000  0.00000000000000E+0000  0.00000000000000E+0000  0.00000000000000E+0000  0.00000000000000E+0000  0.00000000000000E+0000  0.00000000000000E+0000  0.00000000000000E+0000 0
 0.00000000000000E+0000 -1.66670000553131E+0000 -5.00000000000000E+0000  0.00000000000000E+0000  0.00000000000000E+0000  0.00000000000000E+0000  0.00000000000000E+0000  0.00000000000000E+0000  0.00000000000000E+0000  0.00000000000000E+0000  0.00000000000000E+0000 0
 2.50000000000000E+0000 -5.00000000000000E+0000 -5.00000000000000E+0000  2.00000000000000E+0000  8.00000011920929E-0001  6.00000023841858E-0001  1.00000000000000E+0000  0.00000000000000E+0000  0.00000000000000E+0000 -1.66665000915527E+0001  8.33325042724609E+0001 0
-2.50000000000000E+0000 -5.00000000000000E+0000 -5.00000000000000E+0000  0.00000000000000E+0000  0.00000000000000E+0000  0.00000000000000E+0000  0.00000000000000E+0000  0.00000000000000E+0000  0.00000000000000E+0000  0.00000000000000E+0000  0.00000000000000E+0000 0
 0.00000000000000E+0000 -1.66670000553131E+0000 -5.00000000000000E+0000  0.00000000000000E+0000  0.00000000000000E+0000  0.00000000000000E+0000  0.00000000000000E+0000  0.00000000000000E+0000  0.00000000000000E+0000  0.00000000000000E+0000  0.00000000000000E+0000 0
-2.50000000000000E+0000 -5.00000000000000E+0000 -5.00000000000000E+0000  2.00000000000000E+0000  8.00000011920929E-0001  6.00000023841858E-0001  1.00000000000000E+0000  0.00000000000000E+0000  0.00000000000000E+0000 -1.25000000000000E+0001  6.25000000000000E+0001 0
-2.50000000000000E+0000  0.00000000000000E+0000 -5.00000000000000E+0000  0.00000000000000E+0000  0.00000000000000E+0000  0.00000000000000E+0000  0.00000000000000E+0000  0.00000000000000E+0000  0.00000000000000E+0000  0.00000000000000E+0000  0.00000000000000E+0000 0
 0.00000000000000E+0000 -1.66670000553131E+0000 -5.00000000000000E+0000  0.00000000000000E+0000  0.00000000000000E+0000  0.00000000000000E+0000  0.00000000000000E+0000  0.00000000000000E+0000  0.00000000000000E+0000  0.00000000000000E+0000  0.00000000000000E+0000 0
-2.50000000000000E+0000  0.00000000000000E+0000 -5.00000000000000E+0000  2.00000000000000E+0000  8.00000011920929E-0001  6.00000023841858E-0001  1.00000000000000E+0000  0.00000000000000E+0000  0.00000000000000E+0000 -1.25000000000000E+0001  6.25000000000000E+0001 0
-2.50000000000000E+0000  5.00000000000000E+0000 -5.00000000000000E+0000  0.00000000000000E+0000  0.00000000000000E+0000  0.00000000000000E+0000  0.00000000000000E+0000  0.00000000000000E+0000  0.00000000000000E+0000  0.00000000000000E+0000  0.00000000000000E+0000 0
 0.00000000000000E+0000  1.66670000553131E+0000 -5.00000000000000E+0000  0.00000000000000E+0000  0.00000000000000E+0000  0.00000000000000E+0000  0.00000000000000E+0000  0.00000000000000E+0000  0.00000000000000E+0000  0.00000000000000E+0000  0.00000000000000E+0000 0
 0.00000000000000E+0000  1.66670000553131E+0000 -5.00000000000000E+0000  2.00000000000000E+0000  8.00000011920929E-0001  6.00000023841858E-0001  1.00000000000000E+0000  0.00000000000000E+0000  0.00000000000000E+0000 -8.33349990844727E+0000  4.16674995422363E+0001 0
 0.00000000000000E+0000 -1.66670000553131E+0000 -5.00000000000000E+0000  0.00000000000000E+0000  0.00000000000000E+0000  0.00000000000000E+0000  0.00000000000000E+0000  0.00000000000000E+0000  0.00000000000000E+0000  0.00000000000000E+0000  0.00000000000000E+0000 0
-2.50000000000000E+0000  0.00000000000000E+0000 -5.00000000000000E+0000  0.00000000000000E+0000  0.00000000000000E+0000  0.00000000000000E+0000  0.00000000000000E+0000  0.00000000000000E+0000  0.00000000000000E+0000  0.00000000000000E+0000  0.00000000000000E+0000 0
 0.00000000000000E+0000 -1.66670000553131E+0000 -5.00000000000000E+0000  2.00000000000000E+0000  8.00000011920929E-0001  6.00000023841858E-0001  1.00000000000000E+0000  0.00000000000000E+0000  0.00000000000000E+0000 -8.33349990844727E+0000  4.16674995422363E+0001 0
 0.00000000000000E+0000  1.66670000553131E+0000 -5.00000000000000E+0000  0.00000000000000E+0000  0.00000000000000E+0000  0.00000000000000E+0000  0.00000000000000E+0000  0.00000000000000E+0000  0.00000000000000E+0000  0.00000000000000E+0000  0.00000000000000E+0000 0
 2.50000000000000E+0000  0.00000000000000E+0000 -5.00000000000000E+0000  0.00000000000000E+0000  0.00000000000000E+0000  0.00000000000000E+0000  0.00000000000000E+0000  0.00000000000000E+0000  0.00000000000000E+0000  0.00000000000000E+0000  0.00000000000000E+0000 0
