-10 0 0 0 0 0 0 0 0 0 0 0
120 1 0 0 0 0 0 0 0 0 0 0
-20 0 0 0 0 0 0 0 0 0 0 0
 0.00000000000000E+0000  4.00000000000000E+0000 -5.00000000000000E+0000  2.00000000000000E+0000  8.00000011920929E-0001  6.00000023841858E-0001  1.00000000000000E+0000 -3.81950020790100E+0000  1.17554998397827E+0001  0.00000000000000E+0000  4.70219993591309E+0001 0
-2.35109996795654E+0000  3.23609995841980E+0000 -5.00000000000000E+0000  0.00000000000000E+0000  0.00000000000000E+0000  0.00000000000000E+0000  0.00000000000000E+0000  0.00000000000000E+0000  0.00000000000000E+0000  0.00000000000000E+0000  0.00000000000000E+0000 0
-2.35109996795654E+0000  3.23609995841980E+0000  0.00000000000000E+0000  0.00000000000000E+0000  0.00000000000000E+0000  0.00000000000000E+0000  0.00000000000000E+0000  0.00000000000000E+0000  0.00000000000000E+0000  0.00000000000000E+0000  0.00000000000000E+0000 0
 0.00000000000000E+0000  4.00000000000000E+0000 -5.00000000000000E+0000  2.00000000000000E+0000  8.00000011920929E-0001  6.00000023841858E-0001  1.00000000000000E+0000 -3.81950020790100E+0000  1.17554998397827E+0001  0.00000000000000E+0000  4.70219993591309E+0001 0
-2.35109996795654E+0000  3.23609995841980E+0000  0.00000000000000E+0000  0.00000000000000E+0000  0.00000000000000E+0000  0.00000000000000E+0000  0.00000000000000E+0000  0.00000000000000E+0000  0.00000000000000E+0000  0.00000000000000E+0000  0.00000000000000E+0000 0
 0.00000000000000E+0000  4.00000000000000E+0000  0.00000000000000E+0000  0.00000000000000E+0000  0.00000000000000E+0000  0.00000000000000E+0000  0.00000000000000E+0000  0.00000000000000E+0000  0.00000000000000E+0000  0.00000000000000E+0000  0.00000000000000E+0000 0
-2.35109996795654E+0000  3.23609995841980E+0000 -5.00000000000000E+0000  2.00000000000000E+0000  8.00000011920929E-0001  6.00000023841858E-0001  1.00000000000000E+0000 -1.00000000000000E+0001  7.26550006866455E+0000  0.00000000000000E+0000  4.70228843688965E+0001 0
-3.80419993400574E+0000  1.23609995841980E+0000 -5.00000000000000E+0000  0.00000000000000E+0000  0.00000000000000E+0000  0.00000000000000E+0000  0.00000000000000E+0000  0.00000000000000E+0000  0.00000000000000E+0000  0.00000000000000E+0000  0.00000000000000E+0000 0
-3.80419993400574E+0000  1.23609995841980E+0000  0.00000000000000E+0000  0.00000000000000E+0000  0.00000000000000E+0000  0.00000000000000E+0000  0.00000000000000E+0000  0.00000000000000E+0000  0.00000000000000E+0000  0.00000000000000E+0000  0.00000000000000E+0000 0
-2.35109996795654E+0000  3.23609995841980E+0000 -5.00000000000000E+0000  2.00000000000000E+0000  8.00000011920929E-0001  6.00000023841858E-0001  1.00000000000000E+0000 -1.00000000000000E+0001  7.26550006866455E+0000  0.00000000000000E+0000  4.70228843688965E+0001 0
-3.80419993400574E+0000  1.23609995841980E+0000  0.00000000000000E+0000  0.00000000000000E+0000  0.00000000000000E+0000  0.00000000000000E+0000  0.00000000000000E+0000  0.00000000000000E+0000  0.00000000000000E+0000  0.00000000000000E+0000  0.00000000000000E+0000 0
-2.35109996795654E+0000  3.23609995841980E+0000  0.00000000000000E+0000  0.00000000000000E+0000  0.00000000000000E+0000  0.00000000000000E+0000  0.00000000000000E+0000  0.00000000000000E+0000  0.00000000000000E+0000  0.00000000000000E+0000  0.00000000000000E+0000 0
-3.80419993400574E+0000  1.23609995841980E+0000 -5.00000000000000E+0000  2.00000000000000E+0000  8.00000011920929E-0001  6.00000023841858E-0001  1.00000000000000E+0000 -1.23610000610352E+0001  0.00000000000000E+0000  0.00000000000000E+0000  4.70237159729004E+0001 0
-3.80419993400574E+0000 -1.23609995841980E+0000 -5.00000000000000E+0000  0.00000000000000E+0000  0.00000000000000E+0000  0.00000000000000E+0000  0.00000000000000E+0000  0.00000000000000E+0000  0.00000000000000E+0000  0.00000000000000E+0000  0.00000000000000E+0000 0
-3.80419993400574E+0000 -1.23609995841980E+0000  0.00000000000000E+0000  0.00000000000000E+0000  0.00000000000000E+0000  0.00000000000000E+0000  0.00000000000000E+0000  0.00000000000000E+0000  0.00000000000000E+0000  0.00000000000000E+0000  0.00000000000000E+0000 0
-3.80419993400574E+0000  1.23609995841980E+0000 -5.00000000000000E+0000  2.00000000000000E+0000  8.00000011920929E-0001  6.00000023841858E-0001  1.00000000000000E+0000 -1.23610000610352E+0001  0.00000000000000E+0000  0.00000000000000E+0000  4.70237159729004E+0001 0
-3.80419993400574E+0000 -1.23609995841980E+0000  0.00000000000000E+0000  0.00000000000000E+0000  0.00000000000000E+0000  0.00000000000000E+0000  0.00000000000000E+0000  0.00000000000000E+0000  0.00000000000000E+0000  0.00000000000000E+0000  0.00000000000000E+0000 0
-3.80419993400574E+0000  1.23609995841980E+0000  0.00000000000000E+0000  0.00000000000000E+0000  0.00000000000000E+0000  0.00000000000000E+0000  0.00000000000000E+0000  0.00000000000000E+0000  0.00000000000000E+0000  0.00000000000000E+0000  0.00000000000000E+0000 0
-3.80419993400574E+0000 -1.23609995841980E+0000 -5.00000000000000E+0000  2.00000000000000E+0000  8.00000011920929E-0001  6.00000023841858E-0001  1.00000000000000E+0000 -1.00000000000000E+0001 -7.26550006866455E+0000  0.00000000000000E+0000  4.70228843688965E+0001 0
-2.35109996795654E+0000 -3.23609995841980E+0000 -5.00000000000000E+0000  0.00000000000000E+0000  0.00000000000000E+0000  0.00000000000000E+0000  0.00000000000000E+0000  0.00000000000000E+0000  0.00000000000000E+0000  0.00000000000000E+0000  0.00000000000000E+0000 0
-2.35109996795654E+0000 -3.23609995841980E+0000  0.00000000000000E+0000  0.00000000000000E+0000  0.00000000000000E+0000  0.00000000000000E+0000  0.00000000000000E+0000  0.00000000000000E+0000  0.00000000000000E+0000  0.00000000000000E+0000  0.00000000000000E+0000 0
-3.80419993400574E+0000 -1.23609995841980E+0000 -5.00000000000000E+0000  2.00000000000000E+0000  8.00000011920929E-0001  6.00000023841858E-0001  1.00000000000000E+0000 -1.00000000000000E+0001 -7.26550006866455E+0000  0.00000000000000E+0000  4.70228843688965E+0001 0
-2.35109996795654E+0000 -3.23609995841980E+0000  0.00000000000000E+0000  0.00000000000000E+0000  0.00000000000000E+0000  0.00000000000000E+0000  0.00000000000000E+0000  0.00000000000000E+0000  0.00000000000000E+0000  0.00000000000000E+0000  0.00000000000000E+0000 0
-3.80419993400574E+0000 -1.23609995841980E+0000  0.00000000000000E+0000  0.00000000000000E+0000  0.00000000000000E+0000  0.00000000000000E+0000  0.00000000000000E+0000  0.00000000000000E+0000  0.00000000000000E+0000  0.00000000000000E+0000  0.00000000000000E+0000 0
-2.35109996795654E+0000 -3.23609995841980E+0000 -5.00000000000000E+0000  2.00000000000000E+0000  8.00000011920929E-0001  6.00000023841858E-0001  1.00000000000000E+0000 -3.81950020790100E+0000 -1.17554998397827E+0001  0.00000000000000E+0000  4.70219993591309E+0001 0
 0.00000000000000E+0000 -4.00000000000000E+0000 -5.00000000000000E+0000  0.00000000000000E+0000  0.00000000000000E+0000  0.00000000000000E+0000  0.00000000000000E+0000  0.00000000000000E+0000  0.00000000000000E+0000  0.00000000000000E+0000  0.00000000000000E+0000 0
 0.00000000000000E+0000 -4.00000000000000E+0000  0.00000000000000E+0000  0.00000000000000E+0000  0.00000000000000E+0000  0.00000000000000E+0000  0.00000000000000E+0000  0.00000000000000E+0000  0.00000000000000E+0000  0.00000000000000E+0000  0.00000000000000E+0000 0
-2.35109996795654E+0000 -3.23609995841980E+0000 -5.00000000000000E+0000  2.00000000000000E+0000  8.00000011920929E-0001  6.00000023841858E-0001  1.00000000000000E+0000 -3.81950020790100E+0000 -1.17554998397827E+0001  0.00000000000000E+0000  4.70219993591309E+0001 0
 0.00000000000000E+0000 -4.00000000000000E+0000  0.00000000000000E+0000  0.00000000000000E+0000  0.00000000000000E+0000  0.00000000000000E+0000  0.00000000000000E+0000  0.00000000000000E+0000  0.00000000000000E+0000  0.00000000000000E+0000  0.00000000000000E+0000 0
-2.35109996795654E+0000 -3.23609995841980E+0000  0.00000000000000E+0000  0.00000000000000E+0000  0.00000000000000E+0000  0.00000000000000E+0000  0.00000000000000E+0000  0.00000000000000E+0000  0.00000000000000E+0000  0.00000000000000E+0000  0.00000000000000E+0000 0
 0.00000000000000E+0000 -4.00000000000000E+0000 -5.00000000000000E+0000  2.00000000000000E+0000  8.00000011920929E-0001  6.00000023841858E-0001  1.00000000000000E+0000  3.81950020790100E+0000 -1.17554998397827E+0001  0.00000000000000E+0000  4.70219993591309E+0001 0
 2.35109996795654E+0000 -3.23609995841980E+0000 -5.00000000000000E+0000  0.00000000000000E+0000  0.00000000000000E+0000  0.00000000000000E+0000  0.00000000000000E+0000  0.00000000000000E+0000  0.00000000000000E+0000  0.00000000000000E+0000  0.00000000000000E+0000 0
 2.35109996795654E+0000 -3.23609995841980E+0000  0.00000000000000E+0000  0.00000000000000E+0000  0.00000000000000E+0000  0.00000000000000E+0000  0.00000000000000E+0000  0.00000000000000E+0000  0.00000000000000E+0000  0.00000000000000E+0000  0.00000000000000E+0000 0
 0.00000000000000E+0000 -4.00000000000000E+0000 -5.00000000000000E+0000  2.00000000000000E+0000  8.00000011920929E-0001  6.00000023841858E-0001  1.00000000000000E+0000  3.81950020790100E+0000 -1.17554998397827E+0001  0.00000000000000E+0000  4.70219993591309E+0001 0
 2.35109996795654E+0000 -3.23609995841980E+0000  0.00000000000000E+0000  0.00000000000000E+0000  0.00000000000000E+0000  0.00000000000000E+0000  0.00000000000000E+0000  0.00000000000000E+0000  0.00000000000000E+0000  0.00000000000000E+0000  0.00000000000000E+0000 0
 0.00000000000000E+0000 -4.00000000000000E+0000  0.00000000000000E+0000  0.00000000000000E+0000  0.00000000000000E+0000  0.00000000000000E+0000  0.00000000000000E+0000  0.00000000000000E+0000  0.00000000000000E+0000  0.00000000000000E+0000  0.00000000000000E+0000 0
 2.35109996795654E+0000 -3.23609995841980E+0000 -5.00000000000000E+0000  2.00000000000000E+0000  8.00000011920929E-0001  6.00000023841858E-0001  1.00000000000000E+0000  1.00000000000000E+0001 -7.26550006866455E+0000  0.00000000000000E+0000  4.70228843688965E+0001 0
 3.80419993400574E+0000 -1.23609995841980E+0000 -5.00000000000000E+0000  0.00000000000000E+0000  0.00000000000000E+0000  0.00000000000000E+0000  0.00000000000000E+0000  0.00000000000000E+0000  0.00000000000000E+0000  0.00000000000000E+0000  0.00000000000000E+0000 0
 3.80419993400574E+0000 -1.23609995841980E+0000  0.00000000000000E+0000  0.00000000000000E+0000  0.00000000000000E+0000  0.00000000000000E+0000  0.00000000000000E+0000  0.00000000000000E+0000  0.00000000000000E+0000  0.00000000000000E+0000  0.00000000000000E+0000 0
 2.35109996795654E+0000 -3.23609995841980E+0000 -5.00000000000000E+0000  2.00000000000000E+0000  8.00000011920929E-0001  6.00000023841858E-0001  1.00000000000000E+0000  1.00000000000000E+0001 -7.26550006866455E+0000  0.00000000000000E+0000  4.70228843688965E+0001 0
 3.80419993400574E+0000 -1.23609995841980E+0000  0.00000000000000E+0000  0.00000000000000E+0000  0.00000000000000E+0000  0.00000000000000E+0000  0.00000000000000E+0000  0.00000000000000E+0000  0.00000000000000E+0000  0.00000000000000E+0000  0.00000000000000E+0000 0
 2.35109996795654E+0000 -3.23609995841980E+0000  0.00000000000000E+0000  0.00000000000000E+0000  0.00000000000000E+0000  0.00000000000000E+0000  0.00000000000000E+0000  0.00000000000000E+0000  0.00000000000000E+0000  0.00000000000000E+0000  0.00000000000000E+0000 0
 3.80419993400574E+0000 -1.23609995841980E+0000 -5.00000000000000E+0000  2.00000000000000E+0000  8.00000011920929E-0001  6.00000023841858E-0001  1.00000000000000E+0000  1.23610000610352E+0001  0.00000000000000E+0000  0.00000000000000E+0000  4.70237159729004E+0001 0
 3.80419993400574E+0000  1.23609995841980E+0000 -5.00000000000000E+0000  0.00000000000000E+0000  0.00000000000000E+0000  0.00000000000000E+0000  0.00000000000000E+0000  0.00000000000000E+0000  0.00000000000000E+0000  0.00000000000000E+0000  0.00000000000000E+0000 0
 3.80419993400574E+0000  1.23609995841980E+0000  0.00000000000000E+0000  0.00000000000000E+0000  0.00000000000000E+0000  0.00000000000000E+0000  0.00000000000000E+0000  0.00000000000000E+0000  0.00000000000000E+0000  0.00000000000000E+0000  0.00000000000000E+0000 0
 3.80419993400574E+0000 -1.23609995841980E+0000 -5.00000000000000E+0000  2.00000000000000E+0000  8.00000011920929E-0001  6.00000023841858E-0001  1.00000000000000E+0000  1.23610000610352E+0001  0.00000000000000E+0000  0.00000000000000E+0000  4.70237159729004E+0001 0
 3.80419993400574E+0000  1.23609995841980E+0000  0.00000000000000E+0000  0.00000000000000E+0000  0.00000000000000E+0000  0.00000000000000E+0000  0.00000000000000E+0000  0.00000000000000E+0000  0.00000000000000E+0000  0.00000000000000E+0000  0.00000000000000E+0000 0
 3.80419993400574E+0000 -1.23609995841980E+0000  0.00000000000000E+0000  0.00000000000000E+0000  0.00000000000000E+0000  0.00000000000000E+0000  0.00000000000000E+0000  0.00000000000000E+0000  0.00000000000000E+0000  0.00000000000000E+0000  0.00000000000000E+0000 0
 3.80419993400574E+0000  1.23609995841980E+0000 -5.00000000000000E+0000  2.00000000000000E+0000  8.00000011920929E-0001  6.00000023841858E-0001  1.00000000000000E+0000  1.00000000000000E+0001  7.26550006866455E+0000  0.00000000000000E+0000  4.70228843688965E+0001 0
 2.35109996795654E+0000  3.23609995841980E+0000 -5.00000000000000E+0000  0.00000000000000E+0000  0.00000000000000E+0000  0.00000000000000E+0000  0.00000000000000E+0000  0.00000000000000E+0000  0.00000000000000E+0000  0.00000000000000E+0000  0.00000000000000E+0000 0
 2.35109996795654E+0000  3.23609995841980E+0000  0.00000000000000E+0000  0.00000000000000E+0000  0.00000000000000E+0000  0.00000000000000E+0000  0.00000000000000E+0000  0.00000000000000E+0000  0.00000000000000E+0000  0.00000000000000E+0000  0.00000000000000E+0000 0
 3.80419993400574E+0000  1.23609995841980E+0000 -5.00000000000000E+0000  2.00000000000000E+0000  8.00000011920929E-0001  6.00000023841858E-0001  1.00000000000000E+0000  1.00000000000000E+0001  7.26550006866455E+0000  0.00000000000000E+0000  4.70228843688965E+0001 0
 2.35109996795654E+0000  3.23609995841980E+0000  0.00000000000000E+0000  0.00000000000000E+0000  0.00000000000000E+0000  0.00000000000000E+0000  0.00000000000000E+0000  0.00000000000000E+0000  0.00000000000000E+0000  0.00000000000000E+0000  0.00000000000000E+0000 0
 3.80419993400574E+0000  1.23609995841980E+0000  0.00000000000000E+0000  0.00000000000000E+0000  0.00000000000000E+0000  0.00000000000000E+0000  0.00000000000000E+0000  0.00000000000000E+0000  0.00000000000000E+0000  0.00000000000000E+0000  0.00000000000000E+0000 0
 2.35109996795654E+0000  3.23609995841980E+0000 -5.00000000000000E+0000  2.00000000000000E+0000  8.00000011920929E-0001  6.00000023841858E-0001  1.00000000000000E+0000  3.81950020790100E+0000  1.17554998397827E+0001  0.00000000000000E+0000  4.70219993591309E+0001 0
 0.00000000000000E+0000  4.00000000000000E+0000 -5.00000000000000E+0000  0.00000000000000E+0000  0.00000000000000E+0000  0.00000000000000E+0000  0.00000000000000E+0000  0.00000000000000E+0000  0.00000000000000E+0000  0.00000000000000E+0000  0.00000000000000E+0000 0
 0.00000000000000E+0000  4.00000000000000E+0000  0.00000000000000E+0000  0.00000000000000E+0000  0.00000000000000E+0000  0.00000000000000E+0000  0.00000000000000E+0000  0.00000000000000E+0000  0.00000000000000E+0000  0.00000000000000E+0000  0.00000000000000E+0000 0
 2.35109996795654E+0000  3.23609995841980E+0000 -5.00000000000000E+0000  2.00000000000000E+0000  8.00000011920929E-0001  6.00000023841858E-0001  1.00000000000000E+0000  3.81950020790100E+0000  1.17554998397827E+0001  0.00000000000000E+0000  4.70219993591309E+0001 0
 0.00000000000000E+0000  4.00000000000000E+0000  0.00000000000000E+0000  0.00000000000000E+0000  0.00000000000000E+0000  0.00000000000000E+0000  0.00000000000000E+0000  0.00000000000000E+0000  0.00000000000000E+0000  0.00000000000000E+0000  0.00000000000000E+0000 0
 2.35109996795654E+0000  3.23609995841980E+0000  0.00000000000000E+0000  0.00000000000000E+0000  0.00000000000000E+0000  0.00000000000000E+0000  0.00000000000000E+0000  0.00000000000000E+0000  0.00000000000000E+0000  0.00000000000000E+0000  0.00000000000000E+0000 0
 0.00000000000000E+0000  4.00000000000000E+0000  0.00000000000000E+0000  2.00000000000000E+0000  8.00000011920929E-0001  6.00000023841858E-0001  1.00000000000000E+0000 -3.81950020790100E+0000  1.17554998397827E+0001  0.00000000000000E+0000  4.70219993591309E+0001 0
-2.35109996795654E+0000  3.23609995841980E+0000  0.00000000000000E+0000  0.00000000000000E+0000  0.00000000000000E+0000  0.00000000000000E+0000  0.00000000000000E+0000  0.00000000000000E+0000  0.00000000000000E+0000  0.00000000000000E+0000  0.00000000000000E+0000 0
-2.35109996795654E+0000  3.23609995841980E+0000  5.00000000000000E+0000  0.00000000000000E+0000  0.00000000000000E+0000  0.00000000000000E+0000  0.00000000000000E+0000  0.00000000000000E+0000  0.00000000000000E+0000  0.00000000000000E+0000  0.00000000000000E+0000 0
 0.00000000000000E+0000  4.00000000000000E+0000  0.00000000000000E+0000  2.00000000000000E+0000  8.00000011920929E-0001  6.00000023841858E-0001  1.00000000000000E+0000 -3.81950020790100E+0000  1.17554998397827E+0001  0.00000000000000E+0000  4.70219993591309E+0001 0
-2.35109996795654E+0000  3.23609995841980E+0000  5.00000000000000E+0000  0.00000000000000E+0000  0.00000000000000E+0000  0.00000000000000E+0000  0.00000000000000E+0000  0.00000000000000E+0000  0.00000000000000E+0000  0.00000000000000E+0000  0.00000000000000E+0000 0
 0.00000000000000E+0000  4.00000000000000E+0000  5.00000000000000E+0000  0.00000000000000E+0000  0.00000000000000E+0000  0.00000000000000E+0000  0.00000000000000E+0000  0.00000000000000E+0000  0.00000000000000E+0000  0.00000000000000E+0000  0.00000000000000E+0000 0
-2.35109996795654E+0000  3.23609995841980E+0000  0.00000000000000E+0000  2.00000000000000E+0000  8.00000011920929E-0001  6.00000023841858E-0001  1.00000000000000E+0000 -1.00000000000000E+0001  7.26550006866455E+0000  0.00000000000000E+0000  4.70228843688965E+0001 0
-3.80419993400574E+0000  1.23609995841980E+0000  0.00000000000000E+0000  0.00000000000000E+0000  0.00000000000000E+0000  0.00000000000000E+0000  0.00000000000000E+0000  0.00000000000000E+0000  0.00000000000000E+0000  0.00000000000000E+0000  0.00000000000000E+0000 0
-3.80419993400574E+0000  1.23609995841980E+0000  5.00000000000000E+0000  0.00000000000000E+0000  0.00000000000000E+0000  0.00000000000000E+0000  0.00000000000000E+0000  0.00000000000000E+0000  0.00000000000000E+0000  0.00000000000000E+0000  0.00000000000000E+0000 0
-2.35109996795654E+0000  3.23609995841980E+0000  0.00000000000000E+0000  2.00000000000000E+0000  8.00000011920929E-0001  6.00000023841858E-0001  1.00000000000000E+0000 -1.00000000000000E+0001  7.26550006866455E+0000  0.00000000000000E+0000  4.70228843688965E+0001 0
-3.80419993400574E+0000  1.23609995841980E+0000  5.00000000000000E+0000  0.00000000000000E+0000  0.00000000000000E+0000  0.00000000000000E+0000  0.00000000000000E+0000  0.00000000000000E+0000  0.00000000000000E+0000  0.00000000000000E+0000  0.00000000000000E+0000 0
-2.35109996795654E+0000  3.23609995841980E+0000  5.00000000000000E+0000  0.00000000000000E+0000  0.00000000000000E+0000  0.00000000000000E+0000  0.00000000000000E+0000  0.00000000000000E+0000  0.00000000000000E+0000  0.00000000000000E+0000  0.00000000000000E+0000 0
-3.80419993400574E+0000  1.23609995841980E+0000  0.00000000000000E+0000  2.00000000000000E+0000  8.00000011920929E-0001  6.00000023841858E-0001  1.00000000000000E+0000 -1.23610000610352E+0001  0.00000000000000E+0000  0.00000000000000E+0000  4.70237159729004E+0001 0
-3.80419993400574E+0000 -1.23609995841980E+0000  0.00000000000000E+0000  0.00000000000000E+0000  0.00000000000000E+0000  0.00000000000000E+0000  0.00000000000000E+0000  0.00000000000000E+0000  0.00000000000000E+0000  0.00000000000000E+0000  0.00000000000000E+0000 0
-3.80419993400574E+0000 -1.23609995841980E+0000  5.00000000000000E+0000  0.00000000000000E+0000  0.00000000000000E+0000  0.00000000000000E+0000  0.00000000000000E+0000  0.00000000000000E+0000  0.00000000000000E+0000  0.00000000000000E+0000  0.00000000000000E+0000 0
-3.80419993400574E+0000  1.23609995841980E+0000  0.00000000000000E+0000  2.00000000000000E+0000  8.00000011920929E-0001  6.00000023841858E-0001  1.00000000000000E+0000 -1.23610000610352E+0001  0.00000000000000E+0000  0.00000000000000E+0000  4.70237159729004E+0001 0
-3.80419993400574E+0000 -1.23609995841980E+0000  5.00000000000000E+0000  0.00000000000000E+0000  0.00000000000000E+0000  0.00000000000000E+0000  0.00000000000000E+0000  0.00000000000000E+0000  0.00000000000000E+0000  0.00000000000000E+0000  0.00000000000000E+0000 0
-3.80419993400574E+0000  1.23609995841980E+0000  5.00000000000000E+0000  0.00000000000000E+0000  0.00000000000000E+0000  0.00000000000000E+0000  0.00000000000000E+0000  0.00000000000000E+0000  0.00000000000000E+0000  0.00000000000000E+0000  0.00000000000000E+0000 0
-3.80419993400574E+0000 -1.23609995841980E+0000  0.00000000000000E+0000  2.00000000000000E+0000  8.00000011920929E-0001  6.00000023841858E-0001  1.00000000000000E+0000 -1.00000000000000E+0001 -7.26550006866455E+0000  0.00000000000000E+0000  4.70228843688965E+0001 0
-2.35109996795654E+0000 -3.23609995841980E+0000  0.00000000000000E+0000  0.00000000000000E+0000  0.00000000000000E+0000  0.00000000000000E+0000  0.00000000000000E+0000  0.00000000000000E+0000  0.00000000000000E+0000  0.00000000000000E+0000  0.00000000000000E+0000 0
-2.35109996795654E+0000 -3.23609995841980E+0000  5.00000000000000E+0000  0.00000000000000E+0000  0.00000000000000E+0000  0.00000000000000E+0000  0.00000000000000E+0000  0.00000000000000E+0000  0.00000000000000E+0000  0.00000000000000E+0000  0.00000000000000E+0000 0
-3.80419993400574E+0000 -1.23609995841980E+0000  0.00000000000000E+0000  2.00000000000000E+0000  8.00000011920929E-0001  6.00000023841858E-0001  1.00000000000000E+0000 -1.00000000000000E+0001 -7.26550006866455E+0000  0.00000000000000E+0000  4.70228843688965E+0001 0
-2.35109996795654E+0000 -3.23609995841980E+0000  5.00000000000000E+0000  0.00000000000000E+0000  0.00000000000000E+0000  0.00000000000000E+0000  0.00000000000000E+0000  0.00000000000000E+0000  0.00000000000000E+0000  0.00000000000000E+0000  0.00000000000000E+0000 0
-3.80419993400574E+0000 -1.23609995841980E+0000  5.00000000000000E+0000  0.00000000000000E+0000  0.00000000000000E+0000  0.00000000000000E+0000  0.00000000000000E+0000  0.00000000000000E+0000  0.00000000000000E+0000  0.00000000000000E+0000  0.00000000000000E+0000 0
-2.35109996795654E+0000 -3.23609995841980E+0000  0.00000000000000E+0000  2.00000000000000E+0000  8.00000011920929E-0001  6.00000023841858E-0001  1.00000000000000E+0000 -3.81950020790100E+0000 -1.17554998397827E+0001  0.00000000000000E+0000  4.70219993591309E+0001 0
 0.00000000000000E+0000 -4.00000000000000E+0000  0.00000000000000E+0000  0.00000000000000E+0000  0.00000000000000E+0000  0.00000000000000E+0000  0.00000000000000E+0000  0.00000000000000E+0000  0.00000000000000E+0000  0.00000000000000E+0000  0.00000000000000E+0000 0
 0.00000000000000E+0000 -4.00000000000000E+0000  5.00000000000000E+0000  0.00000000000000E+0000  0.00000000000000E+0000  0.00000000000000E+0000  0.00000000000000E+0000  0.00000000000000E+0000  0.00000000000000E+0000  0.00000000000000E+0000  0.00000000000000E+0000 0
-2.35109996795654E+0000 -3.23609995841980E+0000  0.00000000000000E+0000  2.00000000000000E+0000  8.00000011920929E-0001  6.00000023841858E-0001  1.00000000000000E+0000 -3.81950020790100E+0000 -1.17554998397827E+0001  0.00000000000000E+0000  4.70219993591309E+0001 0
 0.00000000000000E+0000 -4.00000000000000E+0000  5.00000000000000E+0000  0.00000000000000E+0000  0.00000000000000E+0000  0.00000000000000E+0000  0.00000000000000E+0000  0.00000000000000E+0000  0.00000000000000E+0000  0.00000000000000E+0000  0.00000000000000E+0000 0
-2.35109996795654E+0000 -3.23609995841980E+0000  5.00000000000000E+0000  0.00000000000000E+0000  0.00000000000000E+0000  0.00000000000000E+0000  0.00000000000000E+0000  0.00000000000000E+0000  0.00000000000000E+0000  0.00000000000000E+0000  0.00000000000000E+0000 0
 0.00000000000000E+0000 -4.00000000000000E+0000  0.00000000000000E+0000  2.00000000000000E+0000  8.00000011920929E-0001  6.00000023841858E-0001  1.00000000000000E+0000  3.81950020790100E+0000 -1.17554998397827E+0001  0.00000000000000E+0000  4.70219993591309E+0001 0
 2.35109996795654E+0000 -3.23609995841980E+0000  0.00000000000000E+0000  0.00000000000000E+0000  0.00000000000000E+0000  0.00000000000000E+0000  0.00000000000000E+0000  0.00000000000000E+0000  0.00000000000000E+0000  0.00000000000000E+0000  0.00000000000000E+0000 0
 2.35109996795654E+0000 -3.23609995841980E+0000  5.00000000000000E+0000  0.00000000000000E+0000  0.00000000000000E+0000  0.00000000000000E+0000  0.00000000000000E+0000  0.00000000000000E+0000  0.00000000000000E+0000  0.00000000000000E+0000  0.00000000000000E+0000 0
 0.00000000000000E+0000 -4.00000000000000E+0000  0.00000000000000E+0000  2.00000000000000E+0000  8.00000011920929E-0001  6.00000023841858E-0001  1.00000000000000E+0000  3.81950020790100E+0000 -1.17554998397827E+0001  0.00000000000000E+0000  4.70219993591309E+0001 0
 2.35109996795654E+0000 -3.23609995841980E+0000  5.00000000000000E+0000  0.00000000000000E+0000  0.00000000000000E+0000  0.00000000000000E+0000  0.00000000000000E+0000  0.00000000000000E+0000  0.00000000000000E+0000  0.00000000000000E+0000  0.00000000000000E+0000 0
 0.00000000000000E+0000 -4.00000000000000E+0000  5.00000000000000E+0000  0.00000000000000E+0000  0.00000000000000E+0000  0.00000000000000E+0000  0.00000000000000E+0000  0.00000000000000E+0000  0.00000000000000E+0000  0.00000000000000E+0000  0.00000000000000E+0000 0
 2.35109996795654E+0000 -3.23609995841980E+0000  0.00000000000000E+0000  2.00000000000000E+0000  8.00000011920929E-0001  6.00000023841858E-0001  1.00000000000000E+0000  1.00000000000000E+0001 -7.26550006866455E+0000  0.00000000000000E+0000  4.70228843688965E+0001 0
 3.80419993400574E+0000 -1.23609995841980E+0000  0.00000000000000E+0000  0.00000000000000E+0000  0.00000000000000E+0000  0.00000000000000E+0000  0.00000000000000E+0000  0.00000000000000E+0000  0.00000000000000E+0000  0.00000000000000E+0000  0.00000000000000E+0000 0
 3.80419993400574E+0000 -1.23609995841980E+0000  5.00000000000000E+0000  0.00000000000000E+0000  0.00000000000000E+0000  0.00000000000000E+0000  0.00000000000000E+0000  0.00000000000000E+0000  0.00000000000000E+0000  0.00000000000000E+0000  0.00000000000000E+0000 0
 2.35109996795654E+0000 -3.23609995841980E+0000  0.00000000000000E+0000  2.00000000000000E+0000  8.00000011920929E-0001  6.00000023841858E-0001  1.00000000000000E+0000  1.00000000000000E+0001 -7.26550006866455E+0000  0.00000000000000E+0000  4.70228843688965E+0001 0
 3.80419993400574E+0000 -1.23609995841980E+0000  5.00000000000000E+0000  0.00000000000000E+0000  0.00000000000000E+0000  0.00000000000000E+0000  0.00000000000000E+0000  0.00000000000000E+0000  0.00000000000000E+0000  0.00000000000000E+0000  0.00000000000000E+0000 0
 2.35109996795654E+0000 -3.23609995841980E+0000  5.00000000000000E+0000  0.00000000000000E+0000  0.00000000000000E+0000  0.00000000000000E+0000  0.00000000000000E+0000  0.00000000000000E+0000  0.00000000000000E+0000  0.00000000000000E+0000  0.00000000000000E+0000 0
 3.80419993400574E+0000 -1.23609995841980E+0000  0.00000000000000E+0000  2.00000000000000E+0000  8.00000011920929E-0001  6.00000023841858E-0001  1.00000000000000E+0000  1.23610000610352E+0001  0.00000000000000E+0000  0.00000000000000E+0000  4.70237159729004E+0001 0
 3.80419993400574E+0000  1.23609995841980E+0000  0.00000000000000E+0000  0.00000000000000E+0000  0.00000000000000E+0000  0.00000000000000E+0000  0.00000000000000E+0000  0.00000000000000E+0000  0.00000000000000E+0000  0.00000000000000E+0000  0.00000000000000E+0000 0
 3.80419993400574E+0000  1.23609995841980E+0000  5.00000000000000E+0000  0.00000000000000E+0000  0.00000000000000E+0000  0.00000000000000E+0000  0.00000000000000E+0000  0.00000000000000E+0000  0.00000000000000E+0000  0.00000000000000E+0000  0.00000000000000E+0000 0
 3.80419993400574E+0000 -1.23609995841980E+0000  0.00000000000000E+0000  2.00000000000000E+0000  8.00000011920929E-0001  6.00000023841858E-0001  1.00000000000000E+0000  1.23610000610352E+0001  0.00000000000000E+0000  0.00000000000000E+0000  4.70237159729004E+0001 0
 3.80419993400574E+0000  1.23609995841980E+0000  5.00000000000000E+0000  0.00000000000000E+0000  0.00000000000000E+0000  0.00000000000000E+0000  0.00000000000000E+0000  0.00000000000000E+0000  0.00000000000000E+0000  0.00000000000000E+0000  0.00000000000000E+0000 0
 3.80419993400574E+0000 -1.23609995841980E+0000  5.00000000000000E+0000  0.00000000000000E+0000  0.00000000000000E+0000  0.00000000000000E+0000  0.00000000000000E+0000  0.00000000000000E+0000  0.00000000000000E+0000  0.00000000000000E+0000  0.00000000000000E+0000 0
 3.80419993400574E+0000  1.23609995841980E+0000  0.00000000000000E+0000  2.00000000000000E+0000  8.00000011920929E-0001  6.00000023841858E-0001  1.00000000000000E+0000  1.00000000000000E+0001  7.26550006866455E+0000  0.00000000000000E+0000  4.70228843688965E+0001 0
 2.35109996795654E+0000  3.23609995841980E+0000  0.00000000000000E+0000  0.00000000000000E+0000  0.00000000000000E+0000  0.00000000000000E+0000  0.00000000000000E+0000  0.00000000000000E+0000  0.00000000000000E+0000  0.00000000000000E+0000  0.00000000000000E+0000 0
 2.35109996795654E+0000  3.23609995841980E+0000  5.00000000000000E+0000  0.00000000000000E+0000  0.00000000000000E+0000  0.00000000000000E+0000  0.00000000000000E+0000  0.00000000000000E+0000  0.00000000000000E+0000  0.00000000000000E+0000  0.00000000000000E+0000 0
 3.80419993400574E+0000  1.23609995841980E+0000  0.00000000000000E+0000  2.00000000000000E+0000  8.00000011920929E-0001  6.00000023841858E-0001  1.00000000000000E+0000  1.00000000000000E+0001  7.26550006866455E+0000  0.00000000000000E+0000  4.70228843688965E+0001 0
 2.35109996795654E+0000  3.23609995841980E+0000  5.00000000000000E+0000  0.00000000000000E+0000  0.00000000000000E+0000  0.00000000000000E+0000  0.00000000000000E+0000  0.00000000000000E+0000  0.00000000000000E+0000  0.00000000000000E+0000  0.00000000000000E+0000 0
 3.80419993400574E+0000  1.23609995841980E+0000  5.00000000000000E+0000  0.00000000000000E+0000  0.00000000000000E+0000  0.00000000000000E+0000  0.00000000000000E+0000  0.00000000000000E+0000  0.00000000000000E+0000  0.00000000000000E+0000  0.00000000000000E+0000 0
 2.35109996795654E+0000  3.23609995841980E+0000  0.00000000000000E+0000  2.00000000000000E+0000  8.00000011920929E-0001  6.00000023841858E-0001  1.00000000000000E+0000  3.81950020790100E+0000  1.17554998397827E+0001  0.00000000000000E+0000  4.70219993591309E+0001 0
 0.00000000000000E+0000  4.00000000000000E+0000  0.00000000000000E+0000  0.00000000000000E+0000  0.00000000000000E+0000  0.00000000000000E+0000  0.00000000000000E+0000  0.00000000000000E+0000  0.00000000000000E+0000  0.00000000000000E+0000  0.00000000000000E+0000 0
 0.00000000000000E+0000  4.00000000000000E+0000  5.00000000000000E+0000  0.00000000000000E+0000  0.00000000000000E+0000  0.00000000000000E+0000  0.00000000000000E+0000  0.00000000000000E+0000  0.00000000000000E+0000  0.00000000000000E+0000  0.00000000000000E+0000 0
 2.35109996795654E+0000  3.23609995841980E+0000  0.00000000000000E+0000  2.00000000000000E+0000  8.00000011920929E-0001  6.00000023841858E-0001  1.00000000000000E+0000  3.81950020790100E+0000  1.17554998397827E+0001  0.00000000000000E+0000  4.70219993591309E+0001 0
 0.00000000000000E+0000  4.00000000000000E+0000  5.00000000000000E+0000  0.00000000000000E+0000  0.00000000000000E+0000  0.00000000000000E+0000  0.00000000000000E+0000  0.00000000000000E+0000  0.00000000000000E+0000  0.00000000000000E+0000  0.00000000000000E+0000 0
 2.35109996795654E+0000  3.23609995841980E+0000  5.00000000000000E+0000  0.00000000000000E+0000  0.00000000000000E+0000  0.00000000000000E+0000  0.00000000000000E+0000  0.00000000000000E+0000  0.00000000000000E+0000  0.00000000000000E+0000  0.00000000000000E+0000 0
