-10 0 0 0 0 0 0 0 0 0 0 0
42 1 0 0 0 0 0 0 0 0 0 0
-20 0 0 0 0 0 0 0 0 0 0 0
-2.50000000000000E+0000 -1.66670000553131E+0000  1.66670000553131E+0000  2.00000000000000E+0000  8.00000011920929E-0001  6.00000023841858E-0001  1.00000000000000E+0000 -1.11115560531616E+0001  0.00000000000000E+0000  0.00000000000000E+0000  2.77788906097412E+0001 0
-2.50000000000000E+0000  1.66670000553131E+0000  1.66670000553131E+0000  0.00000000000000E+0000  0.00000000000000E+0000  0.00000000000000E+0000  0.00000000000000E+0000  0.00000000000000E+0000  0.00000000000000E+0000  0.00000000000000E+0000  0.00000000000000E+0000 0
-2.50000000000000E+0000  1.66670000553131E+0000 -1.66670000553131E+0000  0.00000000000000E+0000  0.00000000000000E+0000  0.00000000000000E+0000  0.00000000000000E+0000  0.00000000000000E+0000  0.00000000000000E+0000  0.00000000000000E+0000  0.00000000000000E+0000 0
-2.50000000000000E+0000 -1.66670000553131E+0000  1.66670000553131E+0000  2.00000000000000E+0000  8.00000011920929E-0001  6.00000023841858E-0001  1.00000000000000E+0000 -1.11115560531616E+0001  0.00000000000000E+0000  0.00000000000000E+0000  2.77788906097412E+0001 0
-2.50000000000000E+0000  1.66670000553131E+0000 -1.66670000553131E+0000  0.00000000000000E+0000  0.00000000000000E+0000  0.00000000000000E+0000  0.00000000000000E+0000  0.00000000000000E+0000  0.00000000000000E+0000  0.00000000000000E+0000  0.00000000000000E+0000 0
-2.50000000000000E+0000 -1.66670000553131E+0000 -1.66670000553131E+0000  0.00000000000000E+0000  0.00000000000000E+0000  0.00000000000000E+0000  0.00000000000000E+0000  0.00000000000000E+0000  0.00000000000000E+0000  0.00000000000000E+0000  0.00000000000000E+0000 0
-2.50000000000000E+0000 -5.00000000000000E+0000  0.00000000000000E+0000  2.00000000000000E+0000  8.00000011920929E-0001  6.00000023841858E-0001  1.00000000000000E+0000 -1.66665000915527E+0001  0.00000000000000E+0000  0.00000000000000E+0000  4.16662521362305E+0001 0
-2.50000000000000E+0000 -5.00000000000000E+0000  5.00000000000000E+0000  0.00000000000000E+0000  0.00000000000000E+0000  0.00000000000000E+0000  0.00000000000000E+0000  0.00000000000000E+0000  0.00000000000000E+0000  0.00000000000000E+0000  0.00000000000000E+0000 0
-2.50000000000000E+0000 -1.66670000553131E+0000  1.66670000553131E+0000  0.00000000000000E+0000  0.00000000000000E+0000  0.00000000000000E+0000  0.00000000000000E+0000  0.00000000000000E+0000  0.00000000000000E+0000  0.00000000000000E+0000  0.00000000000000E+0000 0
-2.50000000000000E+0000 -5.00000000000000E+0000  5.00000000000000E+0000  2.00000000000000E+0000  8.00000011920929E-0001  6.00000023841858E-0001  1.00000000000000E+0000 -1.66665000915527E+0001  0.00000000000000E+0000  0.00000000000000E+0000  4.16662521362305E+0001 0
-2.50000000000000E+0000  0.00000000000000E+0000  5.00000000000000E+0000  0.00000000000000E+0000  0.00000000000000E+0000  0.00000000000000E+0000  0.00000000000000E+0000  0.00000000000000E+0000  0.00000000000000E+0000  0.00000000000000E+0000  0.00000000000000E+0000 0
-2.50000000000000E+0000 -1.66670000553131E+0000  1.66670000553131E+0000  0.00000000000000E+0000  0.00000000000000E+0000  0.00000000000000E+0000  0.00000000000000E+0000  0.00000000000000E+0000  0.00000000000000E+0000  0.00000000000000E+0000  0.00000000000000E+0000 0
-2.50000000000000E+0000  0.00000000000000E+0000  5.00000000000000E+0000  2.00000000000000E+0000  8.00000011920929E-0001  6.00000023841858E-0001  1.00000000000000E+0000 -1.66665000915527E+0001  0.00000000000000E+0000  0.00000000000000E+0000  4.16662521362305E+0001 0
-2.50000000000000E+0000  5.00000000000000E+0000  5.00000000000000E+0000  0.00000000000000E+0000  0.00000000000000E+0000  0.00000000000000E+0000  0.00000000000000E+0000  0.00000000000000E+0000  0.00000000000000E+0000  0.00000000000000E+0000  0.00000000000000E+0000 0
-2.50000000000000E+0000  1.66670000553131E+0000  1.66670000553131E+0000  0.00000000000000E+0000  0.00000000000000E+0000  0.00000000000000E+0000  0.00000000000000E+0000  0.00000000000000E+0000  0.00000000000000E+0000  0.00000000000000E+0000  0.00000000000000E+0000 0
-2.50000000000000E+0000  5.00000000000000E+0000  5.00000000000000E+0000  2.00000000000000E+0000  8.00000011920929E-0001  6.00000023841858E-0001  1.00000000000000E+0000 -1.66665000915527E+0001  0.00000000000000E+0000  0.00000000000000E+0000  4.16662521362305E+0001 0
-2.50000000000000E+0000  5.00000000000000E+0000  0.00000000000000E+0000  0.00000000000000E+0000  0.00000000000000E+0000  0.00000000000000E+0000  0.00000000000000E+0000  0.00000000000000E+0000  0.00000000000000E+0000  0.00000000000000E+0000  0.00000000000000E+0000 0
-2.50000000000000E+0000  1.66670000553131E+0000  1.66670000553131E+0000  0.00000000000000E+0000  0.00000000000000E+0000  0.00000000000000E+0000  0.00000000000000E+0000  0.00000000000000E+0000  0.00000000000000E+0000  0.00000000000000E+0000  0.00000000000000E+0000 0
-2.50000000000000E+0000  5.00000000000000E+0000  0.00000000000000E+0000  2.00000000000000E+0000  8.00000011920929E-0001  6.00000023841858E-0001  1.00000000000000E+0000 -1.66665000915527E+0001  0.00000000000000E+0000  0.00000000000000E+0000  4.16662521362305E+0001 0
-2.50000000000000E+0000  5.00000000000000E+0000 -5.00000000000000E+0000  0.00000000000000E+0000  0.00000000000000E+0000  0.00000000000000E+0000  0.00000000000000E+0000  0.00000000000000E+0000  0.00000000000000E+0000  0.00000000000000E+0000  0.00000000000000E+0000 0
-2.50000000000000E+0000  1.66670000553131E+0000 -1.66670000553131E+0000  0.00000000000000E+0000  0.00000000000000E+0000  0.00000000000000E+0000  0.00000000000000E+0000  0.00000000000000E+0000  0.00000000000000E+0000  0.00000000000000E+0000  0.00000000000000E+0000 0
-2.50000000000000E+0000  5.00000000000000E+0000 -5.00000000000000E+0000  2.00000000000000E+0000  8.00000011920929E-0001  6.00000023841858E-0001  1.00000000000000E+0000 -1.66665000915527E+0001  0.00000000000000E+0000  0.00000000000000E+0000  4.16662521362305E+0001 0
-2.50000000000000E+0000  0.00000000000000E+0000 -5.00000000000000E+0000  0.00000000000000E+0000  0.00000000000000E+0000  0.00000000000000E+0000  0.00000000000000E+0000  0.00000000000000E+0000  0.00000000000000E+0000  0.00000000000000E+0000  0.00000000000000E+0000 0
-2.50000000000000E+0000  1.66670000553131E+0000 -1.66670000553131E+0000  0.00000000000000E+0000  0.00000000000000E+0000  0.00000000000000E+0000  0.00000000000000E+0000  0.00000000000000E+0000  0.00000000000000E+0000  0.00000000000000E+0000  0.00000000000000E+0000 0
-2.50000000000000E+0000  0.00000000000000E+0000 -5.00000000000000E+0000  2.00000000000000E+0000  8.00000011920929E-0001  6.00000023841858E-0001  1.00000000000000E+0000 -1.66665000915527E+0001  0.00000000000000E+0000  0.00000000000000E+0000  4.16662521362305E+0001 0
-2.50000000000000E+0000 -5.00000000000000E+0000 -5.00000000000000E+0000  0.00000000000000E+0000  0.00000000000000E+0000  0.00000000000000E+0000  0.00000000000000E+0000  0.00000000000000E+0000  0.00000000000000E+0000  0.00000000000000E+0000  0.00000000000000E+0000 0
-2.50000000000000E+0000 -1.66670000553131E+0000 -1.66670000553131E+0000  0.00000000000000E+0000  0.00000000000000E+0000  0.00000000000000E+0000  0.00000000000000E+0000  0.00000000000000E+0000  0.00000000000000E+0000  0.00000000000000E+0000  0.00000000000000E+0000 0
-2.50000000000000E+0000 -5.00000000000000E+0000 -5.00000000000000E+0000  2.00000000000000E+0000  8.00000011920929E-0001  6.00000023841858E-0001  1.00000000000000E+0000 -1.66665000915527E+0001  0.00000000000000E+0000  0.00000000000000E+0000  4.16662521362305E+0001 0
-2.50000000000000E+0000 -5.00000000000000E+0000  0.00000000000000E+0000  0.00000000000000E+0000  0.00000000000000E+0000  0.00000000000000E+0000  0.00000000000000E+0000  0.00000000000000E+0000  0.00000000000000E+0000  0.00000000000000E+0000  0.00000000000000E+0000 0
-2.50000000000000E+0000 -1.66670000553131E+0000 -1.66670000553131E+0000  0.00000000000000E+0000  0.00000000000000E+0000  0.00000000000000E+0000  0.00000000000000E+0000  0.00000000000000E+0000  0.00000000000000E+0000  0.00000000000000E+0000  0.00000000000000E+0000 0
-2.50000000000000E+0000  1.66670000553131E+0000  1.66670000553131E+0000  2.00000000000000E+0000  8.00000011920929E-0001  6.00000023841858E-0001  1.00000000000000E+0000 -1.11112222671509E+0001  0.00000000000000E+0000  0.00000000000000E+0000  2.77780551910400E+0001 0
-2.50000000000000E+0000 -1.66670000553131E+0000  1.66670000553131E+0000  0.00000000000000E+0000  0.00000000000000E+0000  0.00000000000000E+0000  0.00000000000000E+0000  0.00000000000000E+0000  0.00000000000000E+0000  0.00000000000000E+0000  0.00000000000000E+0000 0
-2.50000000000000E+0000  0.00000000000000E+0000  5.00000000000000E+0000  0.00000000000000E+0000  0.00000000000000E+0000  0.00000000000000E+0000  0.00000000000000E+0000  0.00000000000000E+0000  0.00000000000000E+0000  0.00000000000000E+0000  0.00000000000000E+0000 0
-2.50000000000000E+0000 -1.66670000553131E+0000  1.66670000553131E+0000  2.00000000000000E+0000  8.00000011920929E-0001  6.00000023841858E-0001  1.00000000000000E+0000 -1.11112222671509E+0001  0.00000000000000E+0000  0.00000000000000E+0000  2.77780551910400E+0001 0
-2.50000000000000E+0000 -1.66670000553131E+0000 -1.66670000553131E+0000  0.00000000000000E+0000  0.00000000000000E+0000  0.00000000000000E+0000  0.00000000000000E+0000  0.00000000000000E+0000  0.00000000000000E+0000  0.00000000000000E+0000  0.00000000000000E+0000 0
-2.50000000000000E+0000 -5.00000000000000E+0000  0.00000000000000E+0000  0.00000000000000E+0000  0.00000000000000E+0000  0.00000000000000E+0000  0.00000000000000E+0000  0.00000000000000E+0000  0.00000000000000E+0000  0.00000000000000E+0000  0.00000000000000E+0000 0
-2.50000000000000E+0000  1.66670000553131E+0000 -1.66670000553131E+0000  2.00000000000000E+0000  8.00000011920929E-0001  6.00000023841858E-0001  1.00000000000000E+0000 -1.11112222671509E+0001  0.00000000000000E+0000  0.00000000000000E+0000  2.77780551910400E+0001 0
-2.50000000000000E+0000  1.66670000553131E+0000  1.66670000553131E+0000  0.00000000000000E+0000  0.00000000000000E+0000  0.00000000000000E+0000  0.00000000000000E+0000  0.00000000000000E+0000  0.00000000000000E+0000  0.00000000000000E+0000  0.00000000000000E+0000 0
-2.50000000000000E+0000  5.00000000000000E+0000  0.00000000000000E+0000  0.00000000000000E+0000  0.00000000000000E+0000  0.00000000000000E+0000  0.00000000000000E+0000  0.00000000000000E+0000  0.00000000000000E+0000  0.00000000000000E+0000  0.00000000000000E+0000 0
-2.50000000000000E+0000 -1.66670000553131E+0000 -1.66670000553131E+0000  2.00000000000000E+0000  8.00000011920929E-0001  6.00000023841858E-0001  1.00000000000000E+0000 -1.11112222671509E+0001  0.00000000000000E+0000  0.00000000000000E+0000  2.77780551910400E+0001 0
-2.50000000000000E+0000  1.66670000553131E+0000 -1.66670000553131E+0000  0.00000000000000E+0000  0.00000000000000E+0000  0.00000000000000E+0000  0.00000000000000E+0000  0.00000000000000E+0000  0.00000000000000E+0000  0.00000000000000E+0000  0.00000000000000E+0000 0
-2.50000000000000E+0000  0.00000000000000E+0000 -5.00000000000000E+0000  0.00000000000000E+0000  0.00000000000000E+0000  0.00000000000000E+0000  0.00000000000000E+0000  0.00000000000000E+0000  0.00000000000000E+0000  0.00000000000000E+0000  0.00000000000000E+0000 0
